2019_7_18_14_22_6	375,0,41,31	474,0,174,82	0,8,48,75	213,32,23,26	452,35,66,87	286,68,31,28	0,100,670,546	378,131,140,151	267,169,116,90	201,265,32,44	284,265,57,46	497,425,54,48	577,441,93,71
2019_7_18_14_36_5	375,0,41,31	474,0,174,82	0,8,48,75	213,32,23,26	452,35,66,87	286,68,31,28	0,100,670,546	378,131,140,151	267,169,116,90	201,265,32,44	284,265,57,46	497,425,54,48	577,441,93,71
2019_7_18_14_43_48	375,0,41,31	474,0,174,82	0,8,48,75	213,32,23,26	452,35,66,87	286,68,31,28	0,100,670,546	378,131,140,151	267,169,116,90	201,265,32,44	284,265,57,46	497,425,54,48	577,441,93,71
2019_7_18_14_46_36	375,0,41,31	474,0,174,82	0,8,48,75	213,32,23,26	452,35,66,87	286,68,31,28	0,100,670,546	378,131,140,151	267,169,116,90	201,265,32,44	284,265,57,46	497,425,54,48	577,441,93,71
2019_7_18_14_48_58	375,0,41,31	474,0,174,82	0,8,48,75	213,32,23,26	452,35,66,87	286,68,31,28	0,100,670,546	378,131,140,151	267,169,116,90	201,265,32,44	284,265,57,46	497,425,54,48	577,441,93,71
2019_7_18_17_36_49	0,0,670,646	208,22,80,42	359,112,32,38
2019_7_18_17_38_51	0,0,670,646	208,22,80,42	359,112,32,38
2019_7_18_17_47_18	0,0,141,81	234,0,83,36	317,0,158,109	742,0,94,19	682,8,154,183	126,23,108,4	0,37,573,700	603,36,93,44	470,47,80,106	555,55,45,132	604,82,81,106	577,193,19,98	510,207,47,37	778,208,32,29	788,261,35,25	444,263,392,668	731,286,69,62	802,453,34,46	253,475,50,32	516,485,49,29	658,555,46,44	252,558,40,31	339,570,24,45	147,591,37,34	730,602,38,23	455,640,84,39	0,651,59,101	0,685,474,275	276,703,77,117	132,727,91,52	78,733,43,23	354,754,26,32	648,788,26,39	293,882,41,37	510,934,79,22
2019_7_18_17_58_2	0,0,141,81	234,0,83,36	317,0,158,109	742,0,94,19	682,8,154,183	126,23,108,4	0,37,573,700	603,36,93,44	470,47,80,106	555,55,45,132	604,82,81,106	577,193,19,98	510,207,47,37	778,208,32,29	788,261,35,25	444,263,392,668	731,286,69,62	802,453,34,46	253,475,50,32	516,485,49,29	658,555,46,44	252,558,40,31	339,570,24,45	147,591,37,34	730,602,38,23	455,640,84,39	0,651,59,101	0,685,474,275	276,703,77,117	132,727,91,52	78,733,43,23	354,754,26,32	648,788,26,39	293,882,41,37	510,934,79,22
2019_7_19_9_12_45	0,0,670,646	208,22,80,42	359,112,32,38
2019_7_19_9_19_2	0,0,670,646	208,22,80,42	359,112,32,38
2019_7_19_9_19_48	0,0,670,646	208,22,80,42	359,112,32,38
2019_7_19_9_57_25	0,0,670,646	208,22,80,42	359,112,32,38
2019_7_19_9_59_4	0,0,670,646	208,22,80,42	359,112,32,38
2019_7_19_9_59_38	0,0,141,81	234,0,83,36	317,0,158,109	742,0,94,19	682,8,154,183	126,23,108,4	0,37,573,700	603,36,93,44	470,47,80,106	555,55,45,132	604,82,81,106	577,193,19,98	510,207,47,37	778,208,32,29	788,261,35,25	444,263,392,668	731,286,69,62	802,453,34,46	253,475,50,32	516,485,49,29	658,555,46,44	252,558,40,31	339,570,24,45	147,591,37,34	730,602,38,23	455,640,84,39	0,651,59,101	0,685,474,275	276,703,77,117	132,727,91,52	78,733,43,23	354,754,26,32	648,788,26,39	293,882,41,37	510,934,79,22
2019_7_19_10_1_47	0,0,141,81	234,0,83,36	317,0,158,109	742,0,94,19	682,8,154,183	126,23,108,4	0,37,573,700	603,36,93,44	470,47,80,106	555,55,45,132	604,82,81,106	577,193,19,98	510,207,47,37	778,208,32,29	788,261,35,25	444,263,392,668	731,286,69,62	802,453,34,46	253,475,50,32	516,485,49,29	658,555,46,44	252,558,40,31	339,570,24,45	147,591,37,34	730,602,38,23	455,640,84,39	0,651,59,101	0,685,474,275	276,703,77,117	132,727,91,52	78,733,43,23	354,754,26,32	648,788,26,39	293,882,41,37	510,934,79,22
2019_7_19_10_5_49	0,0,141,81	234,0,83,36	317,0,158,109	742,0,94,19	682,8,154,183	126,23,108,4	0,37,573,700	603,36,93,44	470,47,80,106	555,55,45,132	604,82,81,106	577,193,19,98	510,207,47,37	778,208,32,29	788,261,35,25	444,263,392,668	731,286,69,62	802,453,34,46	253,475,50,32	516,485,49,29	658,555,46,44	252,558,40,31	339,570,24,45	147,591,37,34	730,602,38,23	455,640,84,39	0,651,59,101	0,685,474,275	276,703,77,117	132,727,91,52	78,733,43,23	354,754,26,32	648,788,26,39	293,882,41,37	510,934,79,22
2019_7_19_10_27_6	0,0,141,81	234,0,83,36	317,0,158,109	742,0,94,19	682,8,154,183	126,23,108,4	0,37,573,700	603,36,93,44	470,47,80,106	555,55,45,132	604,82,81,106	577,193,19,98	510,207,47,37	778,208,32,29	788,261,35,25	444,263,392,668	731,286,69,62	802,453,34,46	253,475,50,32	516,485,49,29	658,555,46,44	252,558,40,31	339,570,24,45	147,591,37,34	730,602,38,23	455,640,84,39	0,651,59,101	0,685,474,275	276,703,77,117	132,727,91,52	78,733,43,23	354,754,26,32	648,788,26,39	293,882,41,37	510,934,79,22
2019_7_19_10_29_28	0,0,141,81	234,0,83,36	317,0,158,109	742,0,94,19	682,8,154,183	126,23,108,4	0,37,573,700	603,36,93,44	470,47,80,106	555,55,45,132	604,82,81,106	577,193,19,98	510,207,47,37	778,208,32,29	788,261,35,25	444,263,392,668	731,286,69,62	802,453,34,46	253,475,50,32	516,485,49,29	658,555,46,44	252,558,40,31	339,570,24,45	147,591,37,34	730,602,38,23	455,640,84,39	0,651,59,101	0,685,474,275	276,703,77,117	132,727,91,52	78,733,43,23	354,754,26,32	648,788,26,39	293,882,41,37	510,934,79,22
2019_7_19_10_31_53	0,0,141,81	234,0,83,36	317,0,158,109	742,0,94,19	682,8,154,183	126,23,108,4	0,37,573,700	603,36,93,44	470,47,80,106	555,55,45,132	604,82,81,106	577,193,19,98	510,207,47,37	778,208,32,29	788,261,35,25	444,263,392,668	731,286,69,62	802,453,34,46	253,475,50,32	516,485,49,29	658,555,46,44	252,558,40,31	339,570,24,45	147,591,37,34	730,602,38,23	455,640,84,39	0,651,59,101	0,685,474,275	276,703,77,117	132,727,91,52	78,733,43,23	354,754,26,32	648,788,26,39	293,882,41,37	510,934,79,22
2019_7_19_10_36_8	0,0,141,81	234,0,83,36	317,0,158,109	742,0,94,19	682,8,154,183	126,23,108,4	0,37,573,700	603,36,93,44	470,47,80,106	555,55,45,132	604,82,81,106	577,193,19,98	510,207,47,37	778,208,32,29	788,261,35,25	444,263,392,668	731,286,69,62	802,453,34,46	253,475,50,32	516,485,49,29	658,555,46,44	252,558,40,31	339,570,24,45	147,591,37,34	730,602,38,23	455,640,84,39	0,651,59,101	0,685,474,275	276,703,77,117	132,727,91,52	78,733,43,23	354,754,26,32	648,788,26,39	293,882,41,37	510,934,79,22
2019_7_19_10_38_22	0,0,141,81	234,0,83,36	317,0,158,109	742,0,94,19	682,8,154,183	126,23,108,4	0,37,573,700	603,36,93,44	470,47,80,106	555,55,45,132	604,82,81,106	577,193,19,98	510,207,47,37	778,208,32,29	788,261,35,25	444,263,392,668	731,286,69,62	802,453,34,46	253,475,50,32	516,485,49,29	658,555,46,44	252,558,40,31	339,570,24,45	147,591,37,34	730,602,38,23	455,640,84,39	0,651,59,101	0,685,474,275	276,703,77,117	132,727,91,52	78,733,43,23	354,754,26,32	648,788,26,39	293,882,41,37	510,934,79,22
2019_7_19_10_40_36	0,0,141,81	234,0,83,36	317,0,158,109	742,0,94,19	682,8,154,183	126,23,108,4	0,37,573,700	603,36,93,44	470,47,80,106	555,55,45,132	604,82,81,106	577,193,19,98	510,207,47,37	778,208,32,29	788,261,35,25	444,263,392,668	731,286,69,62	802,453,34,46	253,475,50,32	516,485,49,29	658,555,46,44	252,558,40,31	339,570,24,45	147,591,37,34	730,602,38,23	455,640,84,39	0,651,59,101	0,685,474,275	276,703,77,117	132,727,91,52	78,733,43,23	354,754,26,32	648,788,26,39	293,882,41,37	510,934,79,22
2019_7_19_10_44_42	0,0,141,81	234,0,83,36	317,0,158,109	742,0,94,19	682,8,154,183	126,23,108,4	0,37,573,700	603,36,93,44	470,47,80,106	555,55,45,132	604,82,81,106	577,193,19,98	510,207,47,37	778,208,32,29	788,261,35,25	444,263,392,668	731,286,69,62	802,453,34,46	253,475,50,32	516,485,49,29	658,555,46,44	252,558,40,31	339,570,24,45	147,591,37,34	730,602,38,23	455,640,84,39	0,651,59,101	0,685,474,275	276,703,77,117	132,727,91,52	78,733,43,23	354,754,26,32	648,788,26,39	293,882,41,37	510,934,79,22
2019_7_19_10_48_23	0,0,141,81	234,0,83,36	317,0,158,109	742,0,94,19	682,8,154,183	126,23,108,4	0,37,573,700	603,36,93,44	470,47,80,106	555,55,45,132	604,82,81,106	577,193,19,98	510,207,47,37	778,208,32,29	788,261,35,25	444,263,392,668	731,286,69,62	802,453,34,46	253,475,50,32	516,485,49,29	658,555,46,44	252,558,40,31	339,570,24,45	147,591,37,34	730,602,38,23	455,640,84,39	0,651,59,101	0,685,474,275	276,703,77,117	132,727,91,52	78,733,43,23	354,754,26,32	648,788,26,39	293,882,41,37	510,934,79,22
2019_7_19_10_58_58	0,0,141,81	234,0,83,36	317,0,158,109	742,0,94,19	682,8,154,183	126,23,108,4	0,37,573,700	603,36,93,44	470,47,80,106	555,55,45,132	604,82,81,106	577,193,19,98	510,207,47,37	778,208,32,29	788,261,35,25	444,263,392,668	731,286,69,62	802,453,34,46	253,475,50,32	516,485,49,29	658,555,46,44	252,558,40,31	339,570,24,45	147,591,37,34	730,602,38,23	455,640,84,39	0,651,59,101	0,685,474,275	276,703,77,117	132,727,91,52	78,733,43,23	354,754,26,32	648,788,26,39	293,882,41,37	510,934,79,22
2019_7_19_11_28_22	716,5,120,78	0,31,604,848	637,36,44,26	585,42,190,181	803,75,33,33	775,143,47,48	570,185,27,36	783,211,28,33	670,236,87,84	509,248,247,352	735,285,54,54	693,348,50,51	372,420,26,37	708,435,115,110	801,453,35,47	403,482,113,141	504,517,121,95	251,550,41,56	679,560,157,310	337,569,43,75	565,589,153,177	182,595,281,344	705,631,52,39	477,634,53,39	0,651,56,70	159,665,35,35	457,689,38,31	506,746,174,115	678,756,34,37	490,792,27,33	0,834,69,62	444,872,276,48	740,879,96,52	293,881,41,38	509,934,81,22	211,945,44,15
2019_7_19_13_35_56	716,5,120,78	0,31,604,848	637,36,44,26	585,42,190,181	803,75,33,33	775,143,47,48	570,185,27,36	783,211,28,33	670,236,87,84	509,248,247,352	735,285,54,54	693,348,50,51	372,420,26,37	708,435,115,110	801,453,35,47	403,482,113,141	504,517,121,95	251,550,41,56	679,560,157,310	337,569,43,75	565,589,153,177	182,595,281,344	705,631,52,39	477,634,53,39	0,651,56,70	159,665,35,35	457,689,38,31	506,746,174,115	678,756,34,37	490,792,27,33	0,834,69,62	444,872,276,48	740,879,96,52	293,881,41,38	509,934,81,22	211,945,44,15
2019_7_19_13_40_11	716,5,120,78	0,31,604,848	637,36,44,26	585,42,190,181	803,75,33,33	775,143,47,48	570,185,27,36	783,211,28,33	670,236,87,84	509,248,247,352	735,285,54,54	693,348,50,51	372,420,26,37	708,435,115,110	801,453,35,47	403,482,113,141	504,517,121,95	251,550,41,56	679,560,157,310	337,569,43,75	565,589,153,177	182,595,281,344	705,631,52,39	477,634,53,39	0,651,56,70	159,665,35,35	457,689,38,31	506,746,174,115	678,756,34,37	490,792,27,33	0,834,69,62	444,872,276,48	740,879,96,52	293,881,41,38	509,934,81,22	211,945,44,15
2019_7_19_13_43_49	716,5,120,78	0,31,604,848	637,36,44,26	585,42,190,181	803,75,33,33	775,143,47,48	570,185,27,36	783,211,28,33	670,236,87,84	509,248,247,352	735,285,54,54	693,348,50,51	372,420,26,37	708,435,115,110	801,453,35,47	403,482,113,141	504,517,121,95	251,550,41,56	679,560,157,310	337,569,43,75	565,589,153,177	182,595,281,344	705,631,52,39	477,634,53,39	0,651,56,70	159,665,35,35	457,689,38,31	506,746,174,115	678,756,34,37	490,792,27,33	0,834,69,62	444,872,276,48	740,879,96,52	293,881,41,38	509,934,81,22	211,945,44,15
2019_7_19_13_46_51	716,5,120,78	0,31,604,848	637,36,44,26	585,42,190,181	803,75,33,33	775,143,47,48	570,185,27,36	783,211,28,33	670,236,87,84	509,248,247,352	735,285,54,54	693,348,50,51	372,420,26,37	708,435,115,110	801,453,35,47	403,482,113,141	504,517,121,95	251,550,41,56	679,560,157,310	337,569,43,75	565,589,153,177	182,595,281,344	705,631,52,39	477,634,53,39	0,651,56,70	159,665,35,35	457,689,38,31	506,746,174,115	678,756,34,37	490,792,27,33	0,834,69,62	444,872,276,48	740,879,96,52	293,881,41,38	509,934,81,22	211,945,44,15
2019_7_19_13_53_15	716,5,120,78	0,31,604,848	637,36,44,26	585,42,190,181	803,75,33,33	775,143,47,48	570,185,27,36	783,211,28,33	670,236,87,84	509,248,247,352	735,285,54,54	693,348,50,51	372,420,26,37	708,435,115,110	801,453,35,47	403,482,113,141	504,517,121,95	251,550,41,56	679,560,157,310	337,569,43,75	565,589,153,177	182,595,281,344	705,631,52,39	477,634,53,39	0,651,56,70	159,665,35,35	457,689,38,31	506,746,174,115	678,756,34,37	490,792,27,33	0,834,69,62	444,872,276,48	740,879,96,52	293,881,41,38	509,934,81,22	211,945,44,15
2019_7_19_13_56_20	716,5,120,78	0,31,604,848	637,36,44,26	585,42,190,181	803,75,33,33	775,143,47,48	570,185,27,36	783,211,28,33	670,236,87,84	509,248,247,352	735,285,54,54	693,348,50,51	372,420,26,37	708,435,115,110	801,453,35,47	403,482,113,141	504,517,121,95	251,550,41,56	679,560,157,310	337,569,43,75	565,589,153,177	182,595,281,344	705,631,52,39	477,634,53,39	0,651,56,70	159,665,35,35	457,689,38,31	506,746,174,115	678,756,34,37	490,792,27,33	0,834,69,62	444,872,276,48	740,879,96,52	293,881,41,38	509,934,81,22	211,945,44,15
2019_7_19_13_57_20	716,5,120,78	0,31,604,848	637,36,44,26	585,42,190,181	803,75,33,33	775,143,47,48	570,185,27,36	783,211,28,33	670,236,87,84	509,248,247,352	735,285,54,54	693,348,50,51	372,420,26,37	708,435,115,110	801,453,35,47	403,482,113,141	504,517,121,95	251,550,41,56	679,560,157,310	337,569,43,75	565,589,153,177	182,595,281,344	705,631,52,39	477,634,53,39	0,651,56,70	159,665,35,35	457,689,38,31	506,746,174,115	678,756,34,37	490,792,27,33	0,834,69,62	444,872,276,48	740,879,96,52	293,881,41,38	509,934,81,22	211,945,44,15
2019_7_23_15_21_35	716,5,120,78	0,31,604,848	637,36,44,26	585,42,190,181	803,75,33,33	775,143,47,48	570,185,27,36	783,211,28,33	670,236,87,84	509,248,247,352	735,285,54,54	693,348,50,51	372,420,26,37	708,435,115,110	801,453,35,47	403,482,113,141	504,517,121,95	251,550,41,56	679,560,157,310	337,569,43,75	565,589,153,177	182,595,281,344	705,631,52,39	477,634,53,39	0,651,56,70	159,665,35,35	457,689,38,31	506,746,174,115	678,756,34,37	490,792,27,33	0,834,69,62	444,872,276,48	740,879,96,52	293,881,41,38	509,934,81,22	211,945,44,15
2019_7_23_15_25_23	0,0,960,872
2019_7_23_15_26_24	0,0,960,872
2019_7_23_15_34_42	0,8,960,864	117,27,87,33	583,39,30,36	211,41,41,22	888,59,22,37	627,73,31,40	45,537,26,36	517,722,58,70
2019_7_23_15_43_57
2019_7_23_15_45_13
2019_7_23_15_53_6
2019_7_23_15_53_25	0,0,960,872	609,262,35,56	457,353,45,42	786,388,39,19
2019_7_23_15_55_46	0,0,960,872	609,262,35,56	457,353,45,42	786,388,39,19
2019_7_23_15_56_33	0,0,960,872
2019_7_23_15_57_10
2019_7_23_15_57_50	0,0,960,872	481,270,37,30	610,272,34,42	835,295,39,40	653,364,26,35	323,455,50,38
2019_7_23_15_58_57	0,0,960,872	481,270,37,30	610,272,34,42	835,295,39,40	653,364,26,35	323,455,50,38
2019_7_23_15_59_43	0,0,960,872	481,270,37,30	610,272,34,42	835,295,39,40	653,364,26,35	323,455,50,38
2019_7_24_10_6_55	0,0,1818,1102
2019_7_24_10_9_3	0,0,836,960
2019_7_24_10_12_24	0,0,1818,1102
2019_7_24_10_14_26	0,0,1818,1102
2019_7_24_10_19_32	0,0,1818,1102	1348,0,27,22	554,771,69,58	954,814,17,24	1502,961,48,26	717,981,41,54
2019_7_24_10_22_4	0,0,1818,1102	1348,0,27,22	554,771,69,58	954,814,17,24	1502,961,48,26	717,981,41,54
2019_7_24_10_23_49	0,0,1818,1102	1348,0,27,22	1425,14,6,8	1410,22,19,17	432,62,18,25	621,137,10,8	1362,166,33,21	317,260,27,17	181,394,8,6	1569,398,6,10	165,406,16,27	1404,492,14,31	1465,533,10,6	1506,586,8,14	292,619,14,14	69,636,27,12	303,636,22,7	648,646,10,8	451,667,8,8	175,673,15,19	596,746,12,13	632,767,14,8	554,771,69,58	550,773,4,13	971,800,4,9	954,814,17,24	671,848,18,6	559,871,8,13	1254,879,14,11	640,884,12,18	1233,885,4,13	1258,900,31,19	1502,961,48,26	1602,963,21,16	36,965,22,15	725,979,7,7	177,980,21,24	717,981,41,54	544,1009,24,27	1085,1044,4,10	565,1055,10,12
2019_7_24_10_26_35	0,0,1818,1102	554,771,69,58	717,981,41,54
2019_7_24_10_29_18	1019,56,45,44	604,144,42,45	321,244,45,54	990,256,74,60	946,306,54,52	1420,331,73,48	127,364,79,105	1537,381,48,60	0,404,94,69	1417,486,30,68	1373,500,33,58	1698,593,78,44	46,617,80,122	297,623,47,42	1637,636,69,41	625,644,78,67	133,654,76,76	912,755,55,55	440,759,58,85	546,766,73,180	613,790,115,123	1133,827,92,73	1254,869,37,47	881,875,48,35	898,894,60,35	0,904,65,94	1229,917,37,48	596,921,50,68	413,927,95,9	1527,944,118,75	519,946,198,129	1032,988,120,94	112,1007,67,53	871,1011,94,81
2019_7_24_10_31_44	854,0,63,22	1362,8,31,35	1019,56,45,44	1705,56,34,40	279,71,21,41	1134,81,18,48	604,144,42,45	1104,147,40,26	1356,187,50,19	1063,237,18,50	321,244,45,54	990,256,74,60	958,277,40,27	946,306,54,52	1420,331,73,48	0,364,36,57	127,364,79,105	1537,381,48,60	0,404,94,69	1391,473,42,23	779,487,42,21	1417,486,30,68	1373,500,33,58	773,517,50,16	1302,548,87,17	1698,593,78,44	46,617,80,122	297,623,47,42	1637,636,69,41	625,644,78,67	229,652,29,58	455,652,29,44	133,654,76,76	912,755,55,55	440,759,58,85	546,766,73,180	613,790,115,123	1133,827,92,73	1254,869,37,47	881,875,48,35	898,894,60,35	0,904,65,94	1229,917,37,48	596,921,50,68	413,927,95,9	1485,942,48,38	1527,944,118,75	519,946,198,129	1032,988,120,94	112,1007,67,53	871,1011,94,81
2019_7_24_10_46_28	854,0,63,22	1362,8,31,35	1019,56,45,44	1705,56,34,40	279,71,21,41	1134,81,18,48	604,144,42,45	1104,147,40,26	1356,187,50,19	1063,237,18,50	321,244,45,54	990,256,74,60	958,277,40,27	946,306,54,52	1420,331,73,48	0,364,36,57	127,364,79,105	1537,381,48,60	0,404,94,69	1391,473,42,23	779,487,42,21	1417,486,30,68	1373,500,33,58	773,517,50,16	1302,548,87,17	1698,593,78,44	46,617,80,122	297,623,47,42	1637,636,69,41	625,644,78,67	229,652,29,58	455,652,29,44	133,654,76,76	912,755,55,55	440,759,58,85	546,766,73,180	613,790,115,123	1133,827,92,73	1254,869,37,47	881,875,48,35	898,894,60,35	0,904,65,94	1229,917,37,48	596,921,50,68	413,927,95,9	1485,942,48,38	1527,944,118,75	519,946,198,129	1032,988,120,94	112,1007,67,53	871,1011,94,81
2019_7_24_10_47_57	854,0,63,22	1362,8,31,35	1019,56,45,44	1705,56,34,40	279,71,21,41	1134,81,18,48	604,144,42,45	1104,147,40,26	1356,187,50,19	1063,237,18,50	321,244,45,54	990,256,74,60	958,277,40,27	946,306,54,52	1420,331,73,48	0,364,36,57	127,364,79,105	1537,381,48,60	0,404,94,69	1391,473,42,23	779,487,42,21	1417,486,30,68	1373,500,33,58	773,517,50,16	1302,548,87,17	1698,593,78,44	46,617,80,122	297,623,47,42	1637,636,69,41	625,644,78,67	229,652,29,58	455,652,29,44	133,654,76,76	912,755,55,55	440,759,58,85	546,766,73,180	613,790,115,123	1133,827,92,73	1254,869,37,47	881,875,48,35	898,894,60,35	0,904,65,94	1229,917,37,48	596,921,50,68	413,927,95,9	1485,942,48,38	1527,944,118,75	519,946,198,129	1032,988,120,94	112,1007,67,53	871,1011,94,81
2019_7_24_10_49_31	854,0,63,22	1362,8,31,35	1019,56,45,44	1705,56,34,40	279,71,21,41	1134,81,18,48	604,144,42,45	1104,147,40,26	1356,187,50,19	1063,237,18,50	321,244,45,54	990,256,74,60	958,277,40,27	946,306,54,52	1420,331,73,48	0,364,36,57	127,364,79,105	1537,381,48,60	0,404,94,69	1391,473,42,23	779,487,42,21	1417,486,30,68	1373,500,33,58	773,517,50,16	1302,548,87,17	1698,593,78,44	46,617,80,122	297,623,47,42	1637,636,69,41	625,644,78,67	229,652,29,58	455,652,29,44	133,654,76,76	912,755,55,55	440,759,58,85	546,766,73,180	613,790,115,123	1133,827,92,73	1254,869,37,47	881,875,48,35	898,894,60,35	0,904,65,94	1229,917,37,48	596,921,50,68	413,927,95,9	1485,942,48,38	1527,944,118,75	519,946,198,129	1032,988,120,94	112,1007,67,53	871,1011,94,81
2019_7_24_10_51_17	854,0,63,22	1362,8,31,35	1019,56,45,44	1705,56,34,40	279,71,21,41	1134,81,18,48	604,144,42,45	1104,147,40,26	1356,187,50,19	1063,237,18,50	321,244,45,54	990,256,74,60	958,277,40,27	946,306,54,52	1420,331,73,48	0,364,36,57	127,364,79,105	1537,381,48,60	0,404,94,69	1391,473,42,23	779,487,42,21	1417,486,30,68	1373,500,33,58	773,517,50,16	1302,548,87,17	1698,593,78,44	46,617,80,122	297,623,47,42	1637,636,69,41	625,644,78,67	229,652,29,58	455,652,29,44	133,654,76,76	912,755,55,55	440,759,58,85	546,766,73,180	613,790,115,123	1133,827,92,73	1254,869,37,47	881,875,48,35	898,894,60,35	0,904,65,94	1229,917,37,48	596,921,50,68	413,927,95,9	1485,942,48,38	1527,944,118,75	519,946,198,129	1032,988,120,94	112,1007,67,53	871,1011,94,81
2019_7_24_10_56_49	854,0,63,22	1362,8,31,35	1019,56,45,44	1705,56,34,40	279,71,21,41	1134,81,18,48	604,144,42,45	1104,147,40,26	1356,187,50,19	1063,237,18,50	321,244,45,54	990,256,74,60	958,277,40,27	946,306,54,52	1420,331,73,48	0,364,36,57	127,364,79,105	1537,381,48,60	0,404,94,69	1391,473,42,23	779,487,42,21	1417,486,30,68	1373,500,33,58	773,517,50,16	1302,548,87,17	1698,593,78,44	46,617,80,122	297,623,47,42	1637,636,69,41	625,644,78,67	229,652,29,58	455,652,29,44	133,654,76,76	912,755,55,55	440,759,58,85	546,766,73,180	613,790,115,123	1133,827,92,73	1254,869,37,47	881,875,48,35	898,894,60,35	0,904,65,94	1229,917,37,48	596,921,50,68	413,927,95,9	1485,942,48,38	1527,944,118,75	519,946,198,129	1032,988,120,94	112,1007,67,53	871,1011,94,81
2019_7_24_10_58_26	854,0,63,22	1362,8,31,35	1019,56,45,44	1705,56,34,40	279,71,21,41	1134,81,18,48	604,144,42,45	1104,147,40,26	1356,187,50,19	1063,237,18,50	321,244,45,54	990,256,74,60	958,277,40,27	946,306,54,52	1420,331,73,48	0,364,36,57	127,364,79,105	1537,381,48,60	0,404,94,69	1391,473,42,23	779,487,42,21	1417,486,30,68	1373,500,33,58	773,517,50,16	1302,548,87,17	1698,593,78,44	46,617,80,122	297,623,47,42	1637,636,69,41	625,644,78,67	229,652,29,58	455,652,29,44	133,654,76,76	912,755,55,55	440,759,58,85	546,766,73,180	613,790,115,123	1133,827,92,73	1254,869,37,47	881,875,48,35	898,894,60,35	0,904,65,94	1229,917,37,48	596,921,50,68	413,927,95,9	1485,942,48,38	1527,944,118,75	519,946,198,129	1032,988,120,94	112,1007,67,53	871,1011,94,81
2019_7_24_11_0_53	854,0,63,22	1362,8,31,35	1019,56,45,44	1705,56,34,40	279,71,21,41	1134,81,18,48	604,144,42,45	1104,147,40,26	1356,187,50,19	1063,237,18,50	321,244,45,54	990,256,74,60	958,277,40,27	946,306,54,52	1420,331,73,48	0,364,36,57	127,364,79,105	1537,381,48,60	0,404,94,69	1391,473,42,23	779,487,42,21	1417,486,30,68	1373,500,33,58	773,517,50,16	1302,548,87,17	1698,593,78,44	46,617,80,122	297,623,47,42	1637,636,69,41	625,644,78,67	229,652,29,58	455,652,29,44	133,654,76,76	912,755,55,55	440,759,58,85	546,766,73,180	613,790,115,123	1133,827,92,73	1254,869,37,47	881,875,48,35	898,894,60,35	0,904,65,94	1229,917,37,48	596,921,50,68	413,927,95,9	1485,942,48,38	1527,944,118,75	519,946,198,129	1032,988,120,94	112,1007,67,53	871,1011,94,81
2019_7_24_11_7_1	1019,56,45,44	604,144,42,45	321,244,45,54	990,256,74,60	946,306,54,52	1420,331,73,48	127,364,79,105	1537,381,48,60	0,404,94,69	1417,486,30,68	1373,500,33,58	1698,593,78,44	46,617,80,122	297,623,47,42	1637,636,69,41	625,644,78,67	133,654,76,76	912,755,55,55	440,759,58,85	546,766,73,180	613,790,115,123	1133,827,92,73	1254,869,37,47	881,875,48,35	898,894,60,35	0,904,65,94	1229,917,37,48	596,921,50,68	413,927,95,9	1527,944,118,75	519,946,198,129	1032,988,120,94	112,1007,67,53	871,1011,94,81
2019_7_24_11_7_39	1019,56,45,44	604,144,42,45	321,244,45,54	990,256,74,60	946,306,54,52	1420,331,73,48	127,364,79,105	1537,381,48,60	0,404,94,69	1417,486,30,68	1373,500,33,58	1698,593,78,44	46,617,80,122	297,623,47,42	1637,636,69,41	625,644,78,67	133,654,76,76	912,755,55,55	440,759,58,85	546,766,73,180	613,790,115,123	1133,827,92,73	1254,869,37,47	881,875,48,35	898,894,60,35	0,904,65,94	1229,917,37,48	596,921,50,68	413,927,95,9	1527,944,118,75	519,946,198,129	1032,988,120,94	112,1007,67,53	871,1011,94,81
2019_7_24_11_7_49	1019,56,45,44	604,144,42,45	321,244,45,54	990,256,74,60	946,306,54,52	1420,331,73,48	127,364,79,105	1537,381,48,60	0,404,94,69	1417,486,30,68	1373,500,33,58	1698,593,78,44	46,617,80,122	297,623,47,42	1637,636,69,41	625,644,78,67	133,654,76,76	912,755,55,55	440,759,58,85	546,766,73,180	613,790,115,123	1133,827,92,73	1254,869,37,47	881,875,48,35	898,894,60,35	0,904,65,94	1229,917,37,48	596,921,50,68	413,927,95,9	1527,944,118,75	519,946,198,129	1032,988,120,94	112,1007,67,53	871,1011,94,81
2019_7_24_11_10_46	1019,56,45,44	604,144,42,45	321,244,45,54	990,256,74,60	946,306,54,52	1420,331,73,48	127,364,79,105	1537,381,48,60	0,404,94,69	1417,486,30,68	1373,500,33,58	1698,593,78,44	46,617,80,122	297,623,47,42	1637,636,69,41	625,644,78,67	133,654,76,76	912,755,55,55	440,759,58,85	546,766,73,180	613,790,115,123	1133,827,92,73	1254,869,37,47	881,875,48,35	898,894,60,35	0,904,65,94	1229,917,37,48	596,921,50,68	413,927,95,9	1527,944,118,75	519,946,198,129	1032,988,120,94	112,1007,67,53	871,1011,94,81
2019_7_24_11_10_55	1019,56,45,44	604,144,42,45	321,244,45,54	990,256,74,60	946,306,54,52	1420,331,73,48	127,364,79,105	1537,381,48,60	0,404,94,69	1417,486,30,68	1373,500,33,58	1698,593,78,44	46,617,80,122	297,623,47,42	1637,636,69,41	625,644,78,67	133,654,76,76	912,755,55,55	440,759,58,85	546,766,73,180	613,790,115,123	1133,827,92,73	1254,869,37,47	881,875,48,35	898,894,60,35	0,904,65,94	1229,917,37,48	596,921,50,68	413,927,95,9	1527,944,118,75	519,946,198,129	1032,988,120,94	112,1007,67,53	871,1011,94,81
2019_7_24_11_17_50	1019,56,45,44	604,144,42,45	321,244,45,54	990,256,74,60	946,306,54,52	1420,331,73,48	127,364,79,105	1537,381,48,60	0,404,94,69	1417,486,30,68	1373,500,33,58	1698,593,78,44	46,617,80,122	297,623,47,42	1637,636,69,41	625,644,78,67	133,654,76,76	912,755,55,55	440,759,58,85	546,766,73,180	613,790,115,123	1133,827,92,73	1254,869,37,47	881,875,48,35	898,894,60,35	0,904,65,94	1229,917,37,48	596,921,50,68	413,927,95,9	1527,944,118,75	519,946,198,129	1032,988,120,94	112,1007,67,53	871,1011,94,81
2019_7_24_13_37_40	1019,56,45,44	604,144,42,45	321,244,45,54	990,256,74,60	946,306,54,52	1420,331,73,48	127,364,79,105	1537,381,48,60	0,404,94,69	1417,486,30,68	1373,500,33,58	1698,593,78,44	46,617,80,122	297,623,47,42	1637,636,69,41	625,644,78,67	133,654,76,76	912,755,55,55	440,759,58,85	546,766,73,180	613,790,115,123	1133,827,92,73	1254,869,37,47	881,875,48,35	898,894,60,35	0,904,65,94	1229,917,37,48	596,921,50,68	413,927,95,9	1527,944,118,75	519,946,198,129	1032,988,120,94	112,1007,67,53	871,1011,94,81
2019_7_24_14_17_18	1019,56,45,44	604,144,42,45	321,244,45,54	990,256,74,60	946,306,54,52	1420,331,73,48	127,364,79,105	1537,381,48,60	0,404,94,69	1417,486,30,68	1373,500,33,58	1698,593,78,44	46,617,80,122	297,623,47,42	1637,636,69,41	625,644,78,67	133,654,76,76	912,755,55,55	440,759,58,85	546,766,73,180	613,790,115,123	1133,827,92,73	1254,869,37,47	881,875,48,35	898,894,60,35	0,904,65,94	1229,917,37,48	596,921,50,68	413,927,95,9	1527,944,118,75	519,946,198,129	1032,988,120,94	112,1007,67,53	871,1011,94,81
2019_7_24_14_44_14	1019,56,45,44	604,144,42,45	321,244,45,54	990,256,74,60	946,306,54,52	1420,331,73,48	127,364,79,105	1537,381,48,60	0,404,94,69	1417,486,30,68	1373,500,33,58	1698,593,78,44	46,617,80,122	297,623,47,42	1637,636,69,41	625,644,78,67	133,654,76,76	912,755,55,55	440,759,58,85	546,766,73,180	613,790,115,123	1133,827,92,73	1254,869,37,47	881,875,48,35	898,894,60,35	0,904,65,94	1229,917,37,48	596,921,50,68	413,927,95,9	1527,944,118,75	519,946,198,129	1032,988,120,94	112,1007,67,53	871,1011,94,81
2019_7_26_13_35_46	99,46,85,124
2019_7_26_13_48_23	1019,56,45,44	604,144,42,45	321,244,45,54	990,256,74,60	946,306,54,52	1420,331,73,48	127,364,79,105	1537,381,48,60	0,404,94,69	1417,486,30,68	1373,500,33,58	1698,593,78,44	46,617,80,122	297,623,47,42	1637,636,69,41	625,644,78,67	133,654,76,76	912,755,55,55	440,759,58,85	546,766,73,180	613,790,115,123	1133,827,92,73	1254,869,37,47	881,875,48,35	898,894,60,35	0,904,65,94	1229,917,37,48	596,921,50,68	413,927,95,9	1527,944,118,75	519,946,198,129	1032,988,120,94	112,1007,67,53	871,1011,94,81
2019_7_26_14_4_32	99,46,85,124
2019_7_26_14_5_22	0,0,600,400	9,13,183,155	176,85,76,44	496,96,64,64	21,131,117,72
2019_7_26_14_5_55	65,44,174,132
2019_7_26_14_6_10	71,15,108,170
2019_7_26_14_8_29	14,0,245,195
2019_7_26_14_9_3	140,0,59,47	122,52,61,49	0,75,199,178
2019_7_26_14_9_46	54,185,126,78	222,185,126,78
2019_7_26_14_10_2	54,185,133,78	215,185,133,78	189,197,24,42
2019_7_26_14_10_57	198,156,385,391	156,300,74,119
2019_7_26_14_16_25	474,0,174,82	452,35,66,87	0,100,670,546	378,131,140,151	267,169,116,90	201,265,32,44	284,265,57,46	497,425,54,48	577,441,93,71
2019_7_26_15_11_21	1019,56,45,44	604,144,42,45	321,244,45,54	990,256,74,60	946,306,54,52	1420,331,73,48	127,364,79,105	1537,381,48,60	0,404,94,69	1417,486,30,68	1373,500,33,58	1698,593,78,44	46,617,80,122	297,623,47,42	1637,636,69,41	625,644,78,67	133,654,76,76	912,755,55,55	440,759,58,85	546,766,73,180	613,790,115,123	1133,827,92,73	1254,869,37,47	881,875,48,35	898,894,60,35	0,904,65,94	1229,917,37,48	596,921,50,68	413,927,95,9	1527,944,118,75	519,946,198,129	1032,988,120,94	112,1007,67,53	871,1011,94,81
2019_7_26_15_15_31	1019,56,45,44	604,144,42,45	321,244,45,54	990,256,74,60	946,306,54,52	1420,331,73,48	127,364,79,105	1537,381,48,60	0,404,94,69	1417,486,30,68	1373,500,33,58	1698,593,78,44	46,617,80,122	297,623,47,42	1637,636,69,41	625,644,78,67	133,654,76,76	912,755,55,55	440,759,58,85	546,766,73,180	613,790,115,123	1133,827,92,73	1254,869,37,47	881,875,48,35	898,894,60,35	0,904,65,94	1229,917,37,48	596,921,50,68	413,927,95,9	1527,944,118,75	519,946,198,129	1032,988,120,94	112,1007,67,53	871,1011,94,81
2019_7_26_15_19_43	198,156,385,391	156,300,74,119
2019_7_26_15_20_53	198,156,385,391	156,300,74,119
2019_7_26_15_21_33	1019,56,45,44	604,144,42,45	321,244,45,54	990,256,74,60	946,306,54,52	1420,331,73,48	127,364,79,105	1537,381,48,60	0,404,94,69	1417,486,30,68	1373,500,33,58	1698,593,78,44	46,617,80,122	297,623,47,42	1637,636,69,41	625,644,78,67	133,654,76,76	912,755,55,55	440,759,58,85	546,766,73,180	613,790,115,123	1133,827,92,73	1254,869,37,47	881,875,48,35	898,894,60,35	0,904,65,94	1229,917,37,48	596,921,50,68	413,927,95,9	1527,944,118,75	519,946,198,129	1032,988,120,94	112,1007,67,53	871,1011,94,81
2019_7_26_15_27_22	1019,56,45,44	604,144,42,45	321,244,45,54	990,256,74,60	946,306,54,52	1420,331,73,48	127,364,79,105	1537,381,48,60	0,404,94,69	1417,486,30,68	1373,500,33,58	1698,593,78,44	46,617,80,122	297,623,47,42	1637,636,69,41	625,644,78,67	133,654,76,76	912,755,55,55	440,759,58,85	546,766,73,180	613,790,115,123	1133,827,92,73	1254,869,37,47	881,875,48,35	898,894,60,35	0,904,65,94	1229,917,37,48	596,921,50,68	413,927,95,9	1527,944,118,75	519,946,198,129	1032,988,120,94	112,1007,67,53	871,1011,94,81
2019_7_26_15_31_53	53,43,579,342	679,49,570,495	606,176,73,86	128,354,212,81	588,359,118,129	978,362,188,152	798,374,269,181	465,376,64,52	387,390,75,59	231,410,313,130	164,427,142,75	614,574,75,85
2019_7_26_15_32_41	99,46,85,124
2019_7_26_15_33_20	99,46,85,124
2019_7_26_15_36_47	48,27,59,104
2019_7_26_15_37_5	45,34,110,220
2019_7_26_15_37_35	1019,56,45,44	604,144,42,45	321,244,45,54	990,256,74,60	946,306,54,52	1420,331,73,48	127,364,79,105	1537,381,48,60	0,404,94,69	1417,486,30,68	1373,500,33,58	1698,593,78,44	46,617,80,122	297,623,47,42	1637,636,69,41	625,644,78,67	133,654,76,76	912,755,55,55	440,759,58,85	546,766,73,180	613,790,115,123	1133,827,92,73	1254,869,37,47	881,875,48,35	898,894,60,35	0,904,65,94	1229,917,37,48	596,921,50,68	413,927,95,9	1527,944,118,75	519,946,198,129	1032,988,120,94	112,1007,67,53	871,1011,94,81
2019_7_26_15_42_24	53,43,579,342	679,49,570,495	606,176,73,86	128,354,212,81	588,359,118,129	978,362,188,152	798,374,269,181	387,390,75,59	252,396,62,47	231,410,313,130	164,427,142,75	614,574,75,85
2019_7_26_15_43_24	53,43,579,342	679,49,570,495	606,176,73,86	128,354,212,81	588,359,118,129	978,362,188,152	798,374,269,181	465,376,64,52	387,390,75,59	231,410,313,130	164,427,142,75	614,574,75,85
2019_7_26_15_44_51	53,43,579,342	679,49,570,495	606,176,73,86	128,354,212,81	588,359,118,129	978,362,188,152	798,374,269,181	387,390,75,59	252,396,62,47	231,410,313,130	164,427,142,75	614,574,75,85
2019_7_26_15_45_18	53,43,579,342	679,49,570,495	606,176,73,86	128,354,212,81	588,359,118,129	978,362,188,152	798,374,269,181	465,376,64,52	387,390,75,59	231,410,313,130	164,427,142,75	614,574,75,85
2019_7_26_15_45_43	99,46,85,124
2019_7_26_15_45_43	48,27,59,104
2019_7_26_15_45_44	45,34,110,220
2019_7_26_15_45_46	47,38,51,130	116,38,209,84	978,39,210,84	1204,41,52,138	864,93,123,81	325,97,601,370	1053,237,33,57	203,247,51,44	336,259,112,66	934,280,50,29	618,553,67,148
2019_7_26_15_45_54	56,65,115,51
2019_7_26_15_45_54	13,21,278,103	203,101,52,22
2019_7_26_15_45_55	124,96,114,87
2019_7_26_15_45_56	34,69,144,131
2019_7_26_15_45_56	42,47,272,113
2019_7_26_15_45_57	0,0,275,183
2019_7_26_15_45_58	16,27,176,74
2019_7_26_15_45_58	99,46,85,124
2019_7_26_15_45_59	33,69,90,54
2019_7_26_15_45_59	0,0,241,290	73,0,70,45	70,193,30,52
2019_7_26_15_46_2	0,0,750,500	712,0,38,33	672,277,78,108	488,290,56,47	412,318,87,45	631,335,69,92	514,337,126,92	610,405,69,45
2019_7_26_15_46_17	0,66,64,28	259,169,341,321	238,408,50,35
2019_7_26_15_46_22	682,0,215,737	892,0,108,292	579,199,100,82	651,202,92,37	282,226,470,269	224,231,64,140	963,330,37,45	222,373,31,220	407,418,92,39	363,439,100,48	489,443,129,57	869,656,131,81
2019_7_26_15_46_42	0,0,600,400	9,13,183,155	176,85,76,44	496,96,64,64	21,131,117,72
2019_7_26_15_46_52	65,44,174,132
2019_7_26_15_46_52	71,15,108,170
2019_7_26_15_46_53	0,0,420,312	366,276,54,42	192,304,37,43	134,311,42,36	280,320,86,27
2019_7_26_15_47_2	278,251,91,99	169,291,44,56	116,329,43,49	426,468,359,283
2019_7_26_15_47_5	57,63,122,114
2019_7_26_15_47_5	0,0,263,175
2019_7_26_15_47_6	31,33,113,106
2019_7_26_15_47_7	198,156,385,391	156,300,74,119
2019_7_26_15_47_12	191,161,385,373	147,293,76,125
2019_7_26_15_47_17	416,187,68,70	103,223,379,463	410,466,42,56
2019_7_26_15_47_23	165,205,386,313	145,236,77,105
2019_7_26_15_47_28	215,0,44,66	41,89,133,111
2019_7_26_15_47_28	0,27,42,62	230,32,39,58	0,43,269,214
2019_7_26_16_48_3	53,43,579,342	679,49,570,495	606,176,73,86	128,354,212,81	588,359,118,129	978,362,188,152	798,374,269,181	387,390,75,59	252,396,62,47	231,410,313,130	164,427,142,75	614,574,75,85
2019_7_26_16_48_52	53,43,579,342	679,49,570,495	606,176,73,86	128,354,212,81	588,359,118,129	978,362,188,152	798,374,269,181	465,376,64,52	387,390,75,59	231,410,313,130	164,427,142,75	614,574,75,85
2019_7_26_16_49_42	99,46,85,124
2019_7_26_16_49_43	48,27,59,104
2019_7_26_16_49_44	45,34,110,220
2019_7_26_16_49_49	47,38,51,130	116,38,209,84	978,39,210,84	1204,41,52,138	864,93,123,81	325,97,601,370	1053,237,33,57	203,247,51,44	336,259,112,66	934,280,50,29	618,553,67,148
2019_7_26_16_50_4	56,65,115,51
2019_7_26_16_50_5	13,21,278,103	203,101,52,22
2019_7_26_16_50_7	124,96,114,87
2019_7_26_16_50_8	34,69,144,131
2019_7_26_16_50_9	42,47,272,113
2019_7_26_16_50_10	0,0,275,183
2019_7_26_16_50_12	16,27,176,74
2019_7_26_16_50_13	99,46,85,124
2019_7_26_16_50_14	33,69,90,54
2019_7_26_16_50_15	0,0,241,290	73,0,70,45	70,193,30,52
2019_7_26_16_50_20	0,0,750,500	712,0,38,33	672,277,78,108	488,290,56,47	412,318,87,45	631,335,69,92	514,337,126,92	610,405,69,45
2019_7_26_16_50_48	0,66,64,28	259,169,341,321	238,408,50,35
2019_7_26_16_50_57	682,0,215,737	892,0,108,292	579,199,100,82	651,202,92,37	282,226,470,269	224,231,64,140	963,330,37,45	222,373,31,220	407,418,92,39	363,439,100,48	489,443,129,57	869,656,131,81
2019_7_26_16_51_30	0,0,600,400	9,13,183,155	176,85,76,44	496,96,64,64	21,131,117,72
2019_7_26_16_51_48	65,44,174,132
2019_7_26_16_51_49	71,15,108,170
2019_7_26_16_51_50	0,0,420,312	366,276,54,42	192,304,37,43	134,311,42,36	280,320,86,27
2019_7_26_16_52_3	278,251,91,99	169,291,44,56	116,329,43,49	426,468,359,283
2019_7_26_16_52_7	57,63,122,114
2019_7_26_16_52_8	0,0,263,175
2019_7_26_16_52_9	31,33,113,106
2019_7_26_16_52_11	198,156,385,391	156,300,74,119
2019_7_26_16_52_21	191,161,385,373	147,293,76,125
2019_7_26_16_52_33	416,187,68,70	103,223,379,463	410,466,42,56
2019_7_26_16_52_44	165,205,386,313	145,236,77,105
2019_7_26_16_52_52	215,0,44,66	41,89,133,111
2019_7_26_16_52_53	0,27,42,62	230,32,39,58	0,43,269,214
2019_7_26_16_52_57	54,185,133,78	215,185,133,78	189,197,24,42
2019_7_26_16_52_58	54,185,126,78	222,185,126,78
2019_7_26_16_52_59	135,0,64,47	122,51,61,51	0,66,199,187	108,76,54,42
2019_7_26_16_53_4	140,0,59,47	122,52,61,49	0,75,199,178
2019_7_26_16_53_9	194,0,625,131	826,0,54,41	81,8,97,53	0,37,880,540	765,77,61,49	747,149,133,171	790,196,90,74	0,261,62,48	0,421,79,142	242,463,76,114	341,516,39,61	32,541,122,36
2019_7_26_16_53_53	194,0,625,131	826,0,54,41	81,8,97,53	0,37,880,540	765,77,61,49	747,149,133,171	790,196,90,74	0,261,62,48	0,421,79,142	242,463,76,114	341,516,39,61	32,541,122,36
2019_7_26_16_54_43	0,0,57,49	144,39,120,152	0,56,151,135
2019_7_26_16_54_46	0,0,134,191	107,29,157,162
2019_7_26_16_54_49	0,0,57,49	144,39,120,152	0,56,151,135
2019_7_26_16_54_52	0,0,134,191	107,29,157,162
2019_7_26_16_54_56	366,274,164,123
2019_7_26_16_55_0	405,304,164,125
2019_7_26_16_55_1	15,0,244,195
2019_7_26_16_55_6	14,0,245,195
2019_7_26_16_55_10	54,0,161,130
2019_7_26_16_55_12	54,0,161,130
2019_7_26_16_55_14	163,84,173,90
2019_7_26_16_55_16	163,84,173,90
2019_7_26_16_55_17	5,15,295,177
2019_7_26_16_55_20	5,15,295,177
2019_7_26_16_55_26	244,88,382,659	363,658,68,49	500,720,71,53
2019_7_26_16_55_45	244,88,382,659	363,658,68,49	500,720,71,53
2019_7_26_16_56_3	0,0,220,232	181,31,34,48	0,76,29,47	180,114,40,55	0,160,126,105	170,169,50,96
2019_7_26_16_56_5	0,0,220,232	0,76,29,47	165,114,55,55	0,160,126,105	170,169,50,96
2019_7_26_16_56_10	249,161,194,111	611,207,96,78	277,209,54,50	35,215,179,358	400,214,39,48	95,255,540,288	630,286,35,41	802,297,109,35	896,315,49,55	489,402,122,67	358,551,214,157
2019_7_26_16_56_28	249,161,194,111	611,207,96,78	277,209,54,50	35,215,179,358	400,214,39,48	95,255,540,288	630,286,35,41	802,297,109,35	896,315,49,55	489,402,122,67	358,551,214,157
2019_7_26_16_56_43	348,91,65,60	304,154,169,113	185,258,339,464	253,270,32,90	495,508,50,78	271,576,73,40	494,587,74,135
2019_7_26_16_56_56	348,91,65,60	304,154,169,113	185,258,339,464	253,270,32,90	495,508,50,78	271,576,73,40	494,587,74,135
2019_7_26_16_57_8	33,14,151,203
2019_7_26_16_57_9	33,14,151,203
2019_7_26_16_57_15	139,0,782,522	911,36,34,51	0,137,177,144	891,160,54,55	509,166,41,26	148,169,183,293	817,293,38,29	855,294,90,78	0,303,138,225	488,374,43,53	381,387,40,71	95,389,165,140	53,505,82,50	0,561,549,147	358,610,70,36	27,674,93,34
2019_7_26_16_57_46	139,0,782,522	911,36,34,51	0,137,177,144	891,160,54,54	509,166,41,26	148,169,183,293	817,293,38,29	855,294,90,78	0,303,138,225	488,374,43,53	381,387,40,71	95,389,165,140	53,505,82,50	0,561,549,147	358,610,70,36	27,674,93,34
2019_7_26_16_58_21	419,104,264,185	637,107,292,338	501,164,47,56	578,324,38,27	336,349,39,28	613,364,77,71	119,384,270,244	527,385,81,86	609,418,336,290	367,427,282,119	275,529,108,43	701,541,75,63	551,629,52,32	418,660,36,48
2019_7_26_16_58_36	419,104,264,185	741,107,59,57	637,154,292,291	501,164,47,56	578,324,38,27	336,349,39,28	613,364,77,71	119,384,270,244	527,385,81,86	609,418,336,290	367,427,282,119	275,529,108,43	701,541,75,63	551,629,52,32	418,660,36,48
2019_7_26_16_58_52	0,0,480,120	0,111,480,218	438,139,42,44
2019_7_26_16_58_59	0,16,92,178	46,122,35,72
2019_7_26_16_59_1	0,0,480,120	0,111,480,218	438,139,42,44
2019_7_26_16_59_9	63,16,117,178	134,122,35,72
2019_7_26_16_59_11	0,0,53,40	86,0,76,39	0,12,373,230	0,114,119,185	229,167,49,31	143,256,65,31	225,281,165,18
2019_7_26_16_59_17	5,0,54,109
2019_7_26_16_59_18	0,0,53,40	86,0,76,39	0,12,373,230	0,114,119,185	143,256,65,31	225,281,165,18
2019_7_26_16_59_23	37,9,53,105
2019_7_26_16_59_27	20,0,179,194	200,0,537,260	662,0,105,104	345,25,61,77	105,139,108,38	42,176,120,61	180,190,55,66	130,218,45,57	30,236,111,67	744,267,155,204	32,301,247,218	755,381,92,132	0,423,46,71	365,429,113,73	708,460,80,69	488,464,79,128	594,470,61,52	407,474,65,32	0,490,172,218	144,504,176,64	530,509,108,54	626,536,54,44	869,576,76,74	180,643,53,65	679,653,37,47	233,657,51,51	301,659,100,49
2019_7_26_17_0_4	20,0,179,194	200,0,537,260	662,0,105,104	345,25,61,77	105,139,108,38	42,176,120,61	180,190,55,66	130,218,45,57	30,236,111,67	744,267,155,204	32,301,247,218	755,381,92,132	0,423,46,71	365,429,113,73	708,460,80,69	488,464,79,128	594,470,61,52	407,474,65,32	0,490,172,218	144,504,176,64	530,509,108,54	626,536,54,44	869,576,76,74	180,643,53,65	679,653,37,47	233,657,51,51	301,659,100,49
2019_7_26_17_0_30	274,15,39,34	209,32,176,161	144,126,46,63	135,179,123,82
2019_7_26_17_0_33	274,15,39,34	209,32,176,161	144,126,46,63	135,179,123,82
2019_7_26_17_0_37	0,17,56,177	82,34,142,91
2019_7_26_17_0_37	0,17,56,177	82,34,142,91
2019_7_26_17_0_40	297,125,218,566
2019_7_26_17_0_50	297,125,218,566
2019_7_26_17_0_58	0,0,450,300	302,0,148,68
2019_7_26_17_1_7	0,0,450,300	302,0,148,68
2019_7_26_17_1_19	147,136,430,150	555,149,59,55	84,163,56,109	117,209,60,45	579,253,65,59	97,285,31,57	107,338,83,52	192,360,100,27
2019_7_26_17_1_27	147,136,430,150	555,149,59,55	84,163,56,109	117,209,60,45	579,253,65,59	97,285,31,57	107,338,83,52	192,360,100,27
2019_7_26_17_1_36	129,0,40,33	0,14,92,46	0,76,425,274
2019_7_26_17_1_47	129,0,40,33	0,14,92,46	0,76,425,274
2019_7_26_17_1_55	0,0,96,45	0,0,300,200
2019_7_26_17_2_0	0,0,96,45	0,0,300,200
2019_7_26_17_2_5	260,67,190,77	399,94,161,80	336,155,224,104	74,157,142,61	0,222,560,338	0,306,43,67	109,335,51,44	0,408,145,40	209,423,351,137
2019_7_26_17_2_29	260,95,127,49	399,94,161,80	336,155,224,104	74,157,142,61	0,222,560,338	0,306,43,67	109,335,51,44	0,402,145,46	209,423,351,137
2019_7_26_17_2_50	172,110,237,116	63,129,118,27	64,160,40,66
2019_7_26_17_2_53	172,110,237,116	63,129,118,27	64,160,40,66
2019_7_26_17_2_57	91,166,255,221	353,197,59,61	612,203,153,60	396,206,75,72	499,218,318,190	360,256,76,64	752,271,31,48	439,297,72,45	301,314,35,40	461,354,63,49	571,359,90,47
2019_7_26_17_3_15	91,166,255,221	353,197,59,61	612,203,153,60	396,206,75,72	499,218,318,190	360,256,76,64	752,271,31,48	439,297,72,45	301,314,35,40	461,354,63,49	571,359,90,47
2019_7_26_17_3_29	0,0,300,200
2019_7_26_17_3_34	0,0,300,200
2019_7_26_17_3_40	0,0,258,305	163,128,307,211	16,284,177,141	509,308,51,47	434,364,54,48	498,407,62,153	283,419,51,69	462,427,30,84	344,434,67,78	232,508,50,52
2019_7_26_17_3_54	0,0,266,305	491,0,60,33	180,128,293,211	225,177,61,25	0,273,193,148	509,308,51,47	434,363,63,49	447,407,113,153	282,419,52,69	337,428,74,84	232,508,50,52	345,510,34,50	126,514,44,46
2019_7_26_17_4_14	961,57,39,40	122,208,540,183	303,279,59,67	116,307,61,46	547,313,68,54	289,360,99,41	407,424,42,45	684,464,42,50	399,485,69,37	71,595,56,55	155,628,65,38	235,643,184,71	511,658,98,56	33,672,99,42	411,686,58,28
2019_7_26_17_4_29	961,57,39,40	122,208,540,183	303,279,59,67	116,307,61,46	547,313,68,54	289,360,99,41	407,424,42,45	684,464,42,50	399,485,69,37	71,595,56,55	155,628,65,38	235,643,184,71	511,658,98,56	33,672,99,42	411,686,58,28
2019_7_26_17_4_46	961,57,39,40	122,208,540,183	303,279,59,67	116,307,61,46	547,313,68,54	289,360,99,41	407,424,42,45	684,464,42,50	399,485,69,37	71,595,56,55	155,628,65,38	235,643,184,71	511,658,98,56	33,672,99,42	411,686,58,28
2019_7_26_17_5_7	961,57,39,40	122,208,540,183	303,279,59,67	116,307,61,46	547,313,68,54	289,360,99,41	407,424,42,45	684,464,42,50	399,485,69,37	71,595,56,55	155,628,65,38	235,643,184,71	511,658,98,56	33,672,99,42	411,686,58,28
2019_7_26_17_5_21	363,128,37,78	6,143,40,65	87,147,100,88	176,164,59,77	272,171,66,52	242,190,71,58
2019_7_26_17_5_24	142,59,418,328	240,228,41,80
2019_7_26_17_5_29	363,128,37,78	6,143,40,65	87,147,100,88	176,164,59,77	272,171,66,52	242,190,71,58
2019_7_26_17_5_32	142,59,418,245	524,308,36,79
2019_7_26_17_5_38	498,0,62,42	464,105,96,49	273,126,169,69	24,143,49,32	512,166,48,38	67,171,436,123	508,268,52,43	56,273,35,67	63,398,63,22	239,414,75,23	0,451,560,109
2019_7_26_17_5_52	259,0,52,50	67,0,493,294	475,0,85,61	183,64,66,58	0,121,75,56	508,268,52,43	56,273,34,67	63,398,66,38	229,414,89,24	0,426,560,134
2019_7_26_17_6_7	141,0,66,79	57,60,204,174	211,125,37,89	0,207,70,45	0,230,44,36
2019_7_26_17_6_11	141,0,66,79	57,60,204,174	211,125,37,89	0,207,70,45	0,230,44,36
2019_7_26_17_6_16	88,81,92,37	126,108,66,37
2019_7_26_17_6_16	88,81,95,37	126,108,66,37
2019_7_26_17_6_17	0,0,266,190	0,12,92,55
2019_7_26_17_6_20	0,0,266,190	0,12,92,55
2019_7_26_17_6_25	792,220,104,135	154,300,217,123	429,322,87,107	564,327,254,91	803,337,62,63	73,352,62,138	586,471,130,80	62,510,50,44	618,547,203,24
2019_7_26_17_6_35	792,220,104,135	154,300,217,123	429,322,87,107	564,327,254,91	803,337,62,63	73,352,62,138	586,471,130,80	62,510,50,44	618,547,203,24
2019_7_26_17_6_42	77,44,169,116
2019_7_26_17_6_43	77,44,169,116
2019_7_26_17_6_44	245,19,52,57	189,25,74,44	0,51,212,119	219,80,78,90
2019_7_26_17_6_46	245,19,52,57	189,25,74,44	0,51,212,119	219,80,78,90
2019_7_26_17_6_48	351,107,99,74	131,122,173,59	173,179,102,81	109,222,396,158
2019_7_26_17_6_55	354,107,96,74	156,124,148,59	102,177,47,39	173,179,130,80	109,222,394,158
2019_7_26_17_49_27	53,43,579,342	679,49,570,495	606,176,73,86	128,354,212,81	588,359,118,129	978,362,188,152	798,374,269,181	387,390,75,59	252,396,62,47	231,410,313,130	164,427,142,75	614,574,75,85
2019_7_26_17_50_34	53,43,579,342	679,49,570,495	606,176,73,86	128,354,212,81	588,359,118,129	978,362,188,152	798,374,269,181	465,376,64,52	387,390,75,59	231,410,313,130	164,427,142,75	614,574,75,85
2019_7_26_17_51_34	99,46,85,124
2019_7_26_17_51_34	48,27,59,104
2019_7_26_17_51_35	45,34,110,220
2019_7_26_17_51_41	47,38,51,130	116,38,209,84	978,39,210,84	1204,41,52,138	864,93,123,81	325,97,601,370	1053,237,33,57	203,247,51,44	336,259,112,66	934,280,50,29	618,553,67,148
2019_7_26_17_51_58	56,65,115,51
2019_7_26_17_51_58	13,21,278,103	203,101,52,22
2019_7_26_17_52_0	124,96,114,87
2019_7_26_17_52_1	34,69,144,131
2019_7_26_17_52_2	42,47,272,113
2019_7_26_17_52_4	0,0,275,183
2019_7_26_17_52_6	16,27,176,74
2019_7_26_17_52_8	99,46,85,124
2019_7_26_17_52_8	33,69,90,54
2019_7_26_17_52_9	0,0,241,290	73,0,70,45	70,193,30,52
2019_7_26_17_52_14	0,0,750,500	712,0,38,33	672,277,78,108	488,290,56,47	412,318,87,45	631,335,69,92	514,337,126,92	610,405,69,45
2019_7_26_17_52_47	0,66,64,28	259,169,341,321	238,408,50,35
2019_7_26_17_52_56	682,0,215,737	892,0,108,292	579,199,100,82	651,202,92,37	282,226,470,269	224,231,64,140	963,330,37,45	222,373,31,220	407,418,92,39	363,439,100,48	489,443,129,57	869,656,131,81
2019_7_26_17_53_25	0,0,600,400	9,13,183,155	176,85,76,44	496,96,64,64	21,131,117,72
2019_7_26_17_53_41	65,44,174,132
2019_7_26_17_53_42	71,15,108,170
2019_7_26_17_53_44	0,0,420,312	366,276,54,42	192,304,37,43	134,311,42,36	280,320,86,27
2019_7_26_17_53_57	278,251,91,99	169,291,44,56	116,329,43,49	426,468,359,283
2019_7_26_17_54_1	57,63,122,114
2019_7_26_17_54_2	0,0,263,175
2019_7_26_17_54_2	31,33,113,106
2019_7_26_17_54_4	198,156,385,391	156,300,74,119
2019_7_26_17_54_16	191,161,385,373	147,293,76,125
2019_7_26_17_54_24	416,187,68,70	103,223,379,463	410,466,42,56
2019_7_26_17_54_32	165,205,386,313	145,236,77,105
2019_7_26_17_54_39	215,0,44,66	41,89,133,111
2019_7_26_17_54_40	0,27,42,62	230,32,39,58	0,43,269,214
2019_7_26_17_54_44	54,185,133,78	215,185,133,78	189,197,24,42
2019_7_26_17_54_45	54,185,126,78	222,185,126,78
2019_7_26_17_54_46	135,0,64,47	122,51,61,51	0,66,199,187	108,76,54,42
2019_7_26_17_54_50	140,0,59,47	122,52,61,49	0,75,199,178
2019_7_26_17_54_55	194,0,625,131	826,0,54,41	81,8,97,53	0,37,880,540	765,77,61,49	747,149,133,171	790,196,90,74	0,261,62,48	0,421,79,142	242,463,76,114	341,516,39,61	32,541,122,36
2019_7_26_17_55_31	194,0,625,131	826,0,54,41	81,8,97,53	0,37,880,540	765,77,61,49	747,149,133,171	790,196,90,74	0,261,62,48	0,421,79,142	242,463,76,114	341,516,39,61	32,541,122,36
2019_7_26_17_56_8	0,0,57,49	144,39,120,152	0,56,151,135
2019_7_26_17_56_10	0,0,134,191	107,29,157,162
2019_7_26_17_56_13	0,0,57,49	144,39,120,152	0,56,151,135
2019_7_26_17_56_15	0,0,134,191	107,29,157,162
2019_7_26_17_56_19	366,274,164,123
2019_7_26_17_56_22	405,304,164,125
2019_7_26_17_56_23	15,0,244,195
2019_7_26_17_56_28	14,0,245,195
2019_7_26_17_56_34	54,0,161,130
2019_7_26_17_56_36	54,0,161,130
2019_7_26_17_56_39	163,84,173,90
2019_7_26_17_56_41	163,84,173,90
2019_7_26_17_56_41	5,15,295,177
2019_7_26_17_56_44	5,15,295,177
2019_7_26_17_56_48	244,88,382,659	363,658,68,49	500,720,71,53
2019_7_26_17_57_8	244,88,382,659	363,658,68,49	500,720,71,53
2019_7_26_17_57_27	0,0,220,232	181,31,34,48	0,76,29,47	180,114,40,55	0,160,126,105	170,169,50,96
2019_7_26_17_57_29	0,0,220,232	0,76,29,47	165,114,55,55	0,160,126,105	170,169,50,96
2019_7_26_17_57_35	249,161,194,111	611,207,96,78	277,209,54,50	35,215,179,358	400,214,39,48	95,255,540,288	630,286,35,41	802,297,109,35	896,315,49,55	489,402,122,67	358,551,214,157
2019_7_26_17_57_49	249,161,194,111	611,207,96,78	277,209,54,50	35,215,179,358	400,214,39,48	95,255,540,288	630,286,35,41	802,297,109,35	896,315,49,55	489,402,122,67	358,551,214,157
2019_7_26_17_58_1	348,91,65,60	304,154,169,113	185,258,339,464	253,270,32,90	495,508,50,78	271,576,73,40	494,587,74,135
2019_7_26_17_58_14	348,91,65,60	304,154,169,113	185,258,339,464	253,270,32,90	495,508,50,78	271,576,73,40	494,587,74,135
2019_7_26_17_58_25	33,14,151,203
2019_7_26_17_58_27	33,14,151,203
2019_7_26_17_58_31	139,0,782,522	911,36,34,51	0,137,177,144	891,160,54,55	509,166,41,26	148,169,183,293	817,293,38,29	855,294,90,78	0,303,138,225	488,374,43,53	381,387,40,71	95,389,165,140	53,505,82,50	0,561,549,147	358,610,70,36	27,674,93,34
2019_7_26_17_59_4	139,0,782,522	911,36,34,51	0,137,177,144	891,160,54,54	509,166,41,26	148,169,183,293	817,293,38,29	855,294,90,78	0,303,138,225	488,374,43,53	381,387,40,71	95,389,165,140	53,505,82,50	0,561,549,147	358,610,70,36	27,674,93,34
2019_7_27_7_49_3	419,104,264,185	637,107,292,338	501,164,47,56	578,324,38,27	336,349,39,28	613,364,77,71	119,384,270,244	527,385,81,86	609,418,336,290	367,427,282,119	275,529,108,43	701,541,75,63	551,629,52,32	418,660,36,48
2019_7_27_7_49_24	419,104,264,185	741,107,59,57	637,154,292,291	501,164,47,56	578,324,38,27	336,349,39,28	613,364,77,71	119,384,270,244	527,385,81,86	609,418,336,290	367,427,282,119	275,529,108,43	701,541,75,63	551,629,52,32	418,660,36,48
2019_7_27_7_49_38	0,0,480,120	0,111,480,218	438,139,42,44
2019_7_27_7_49_45	0,16,92,178	46,122,35,72
2019_7_27_7_49_47	0,0,480,120	0,111,480,218	438,139,42,44
2019_7_27_7_50_0	63,16,117,178	134,122,35,72
2019_7_27_7_50_2	0,0,53,40	86,0,76,39	0,12,373,230	0,114,119,185	229,167,49,31	143,256,65,31	225,281,165,18
2019_7_27_7_50_10	5,0,54,109
2019_7_27_7_50_13	0,0,53,40	86,0,76,39	0,12,373,230	0,114,119,185	143,256,65,31	225,281,165,18
2019_7_27_7_50_22	37,9,53,105
2019_7_27_7_50_27	20,0,179,194	200,0,537,260	662,0,105,104	345,25,61,77	105,139,108,38	42,176,120,61	180,190,55,66	130,218,45,57	30,236,111,67	744,267,155,204	32,301,247,218	755,381,92,132	0,423,46,71	365,429,113,73	708,460,80,69	488,464,79,128	594,470,61,52	407,474,65,32	0,490,172,218	144,504,176,64	530,509,108,54	626,536,54,44	869,576,76,74	180,643,53,65	679,653,37,47	233,657,51,51	301,659,100,49
2019_7_27_7_50_58	20,0,179,194	200,0,537,260	662,0,105,104	345,25,61,77	105,139,108,38	42,176,120,61	180,190,55,66	130,218,45,57	30,236,111,67	744,267,155,204	32,301,247,218	755,381,92,132	0,423,46,71	365,429,113,73	708,460,80,69	488,464,79,128	594,470,61,52	407,474,65,32	0,490,172,218	144,504,176,64	530,509,108,54	626,536,54,44	869,576,76,74	180,643,53,65	679,653,37,47	233,657,51,51	301,659,100,49
2019_7_27_7_51_32	274,15,39,34	209,32,176,161	144,126,46,63	135,179,123,82
2019_7_27_7_51_35	274,15,39,34	209,32,176,161	144,126,46,63	135,179,123,82
2019_7_27_7_51_38	0,17,56,177	82,34,142,91
2019_7_27_7_51_39	0,17,56,177	82,34,142,91
2019_7_27_7_51_42	297,125,218,566
2019_7_27_7_51_52	297,125,218,566
2019_7_27_7_52_1	0,0,450,300	302,0,148,68
2019_7_27_7_52_10	0,0,450,300	302,0,148,68
2019_7_27_7_52_20	147,136,430,150	555,149,59,55	84,163,56,109	117,209,60,45	579,253,65,59	97,285,31,57	107,338,83,52	192,360,100,27
2019_7_27_7_52_29	147,136,430,150	555,149,59,55	84,163,56,109	117,209,60,45	579,253,65,59	97,285,31,57	107,338,83,52	192,360,100,27
2019_7_27_7_52_37	129,0,40,33	0,14,92,46	0,76,425,274
2019_7_27_7_52_47	129,0,40,33	0,14,92,46	0,76,425,274
2019_7_27_7_52_56	0,0,96,45	0,0,300,200
2019_7_27_7_53_1	0,0,96,45	0,0,300,200
2019_7_27_7_53_8	260,67,190,77	399,94,161,80	336,155,224,104	74,157,142,61	0,222,560,338	0,306,43,67	109,335,51,44	0,408,145,40	209,423,351,137
2019_7_27_7_53_39	260,95,127,49	399,94,161,80	336,155,224,104	74,157,142,61	0,222,560,338	0,306,43,67	109,335,51,44	0,402,145,46	209,423,351,137
2019_7_27_7_54_10	172,110,237,116	63,129,118,27	64,160,40,66
2019_7_27_7_54_15	172,110,237,116	63,129,118,27	64,160,40,66
2019_7_27_7_54_21	91,166,255,221	353,197,59,61	612,203,153,60	396,206,75,72	499,218,318,190	360,256,76,64	752,271,31,48	439,297,72,45	301,314,35,40	461,354,63,49	571,359,90,47
2019_7_27_7_54_42	91,166,255,221	353,197,59,61	612,203,153,60	396,206,75,72	499,218,318,190	360,256,76,64	752,271,31,48	439,297,72,45	301,314,35,40	461,354,63,49	571,359,90,47
2019_7_27_7_54_55	0,0,300,200
2019_7_27_7_54_59	0,0,300,200
2019_7_27_7_55_4	0,0,258,305	163,128,307,211	16,284,177,141	509,308,51,47	434,364,54,48	498,407,62,153	283,419,51,69	462,427,30,84	344,434,67,78	232,508,50,52
2019_7_27_7_55_18	0,0,266,305	491,0,60,33	180,128,293,211	225,177,61,25	0,273,193,148	509,308,51,47	434,363,63,49	447,407,113,153	282,419,52,69	337,428,74,84	232,508,50,52	345,510,34,50	126,514,44,46
2019_7_27_7_55_37	961,57,39,40	122,208,540,183	303,279,59,67	116,307,61,46	547,313,68,54	289,360,99,41	407,424,42,45	684,464,42,50	399,485,69,37	71,595,56,55	155,628,65,38	235,643,184,71	511,658,98,56	33,672,99,42	411,686,58,28
2019_7_27_7_55_51	961,57,39,40	122,208,540,183	303,279,59,67	116,307,61,46	547,313,68,54	289,360,99,41	407,424,42,45	684,464,42,50	399,485,69,37	71,595,56,55	155,628,65,38	235,643,184,71	511,658,98,56	33,672,99,42	411,686,58,28
2019_7_27_7_56_8	961,57,39,40	122,208,540,183	303,279,59,67	116,307,61,46	547,313,68,54	289,360,99,41	407,424,42,45	684,464,42,50	399,485,69,37	71,595,56,55	155,628,65,38	235,643,184,71	511,658,98,56	33,672,99,42	411,686,58,28
2019_7_27_7_56_30	961,57,39,40	122,208,540,183	303,279,59,67	116,307,61,46	547,313,68,54	289,360,99,41	407,424,42,45	684,464,42,50	399,485,69,37	71,595,56,55	155,628,65,38	235,643,184,71	511,658,98,56	33,672,99,42	411,686,58,28
2019_7_27_7_56_42	363,128,37,78	6,143,40,65	87,147,100,88	176,164,59,77	272,171,66,52	242,190,71,58
2019_7_27_7_56_45	142,59,418,328	240,228,41,80
2019_7_27_7_56_49	363,128,37,78	6,143,40,65	87,147,100,88	176,164,59,77	272,171,66,52	242,190,71,58
2019_7_27_7_56_51	142,59,418,245	524,308,36,79
2019_7_27_7_56_56	498,0,62,42	464,105,96,49	273,126,169,69	24,143,49,32	512,166,48,38	67,171,436,123	508,268,52,43	56,273,35,67	63,398,63,22	239,414,75,23	0,451,560,109
2019_7_27_7_57_7	259,0,52,50	67,0,493,294	475,0,85,61	183,64,66,58	0,121,75,56	508,268,52,43	56,273,34,67	63,398,66,38	229,414,89,24	0,426,560,134
2019_7_27_7_57_20	141,0,66,79	57,60,204,174	211,125,37,89	0,207,70,45	0,230,44,36
2019_7_27_7_57_23	141,0,66,79	57,60,204,174	211,125,37,89	0,207,70,45	0,230,44,36
2019_7_27_7_57_27	88,81,92,37	126,108,66,37
2019_7_27_7_57_28	88,81,95,37	126,108,66,37
2019_7_27_7_57_28	0,0,266,190	0,12,92,55
2019_7_27_7_57_31	0,0,266,190	0,12,92,55
2019_7_27_7_57_36	792,220,104,135	154,300,217,123	429,322,87,107	564,327,254,91	803,337,62,63	73,352,62,138	586,471,130,80	62,510,50,44	618,547,203,24
2019_7_27_7_57_44	792,220,104,135	154,300,217,123	429,322,87,107	564,327,254,91	803,337,62,63	73,352,62,138	586,471,130,80	62,510,50,44	618,547,203,24
2019_7_27_7_57_50	77,44,169,116
2019_7_27_7_57_51	77,44,169,116
2019_7_27_7_57_52	245,19,52,57	189,25,74,44	0,51,212,119	219,80,78,90
2019_7_27_7_57_53	245,19,52,57	189,25,74,44	0,51,212,119	219,80,78,90
2019_7_27_7_57_55	351,107,99,74	131,122,173,59	173,179,102,81	109,222,396,158
2019_7_27_7_58_1	354,107,96,74	156,124,148,59	102,177,47,39	173,179,130,80	109,222,394,158
2019_7_27_7_58_7	166,16,68,110	209,47,91,43	68,106,63,64
2019_7_27_7_58_8	217,62,83,45	151,66,83,44	66,111,72,50
2019_7_27_7_58_9	16,51,53,60	92,59,67,29	177,76,84,59
2019_7_27_7_58_11	16,50,52,61	92,59,67,34	177,76,96,56
2019_7_27_7_58_12
2019_7_27_7_58_12
2019_7_27_7_58_13	38,231,442,43
2019_7_27_7_58_14	38,231,442,43
2019_7_27_7_58_15	19,50,61,82	83,54,163,76	83,147,76,53
2019_7_27_7_58_16	19,50,61,82	83,54,163,76	83,147,76,53
2019_7_27_7_58_18
2019_7_27_7_58_18
2019_7_27_7_58_18	174,68,57,69
2019_7_27_7_58_19	157,67,52,69
2019_7_27_7_58_19	72,30,49,185
2019_7_27_7_58_20	72,30,49,185
2019_7_27_7_58_20	0,73,190,78
2019_7_27_7_58_21	0,73,190,78
2019_7_29_9_59_0	53,43,579,342	679,49,570,495	606,176,73,86	128,354,212,81	588,359,118,129	978,362,188,152	798,374,269,181	387,390,75,59	252,396,62,47	231,410,313,130	164,427,142,75	614,574,75,85
2019_7_29_9_59_31	53,43,579,342	679,49,570,495	606,176,73,86	128,354,212,81	588,359,118,129	978,362,188,152	798,374,269,181	465,376,64,52	387,390,75,59	231,410,313,130	164,427,142,75	614,574,75,85
2019_7_29_9_59_56	99,46,85,124
2019_7_29_9_59_56	48,27,59,104
2019_7_29_9_59_57	45,34,110,220
2019_7_29_9_59_59	47,38,51,130	116,38,209,84	978,39,210,84	1204,41,52,138	864,93,123,81	325,97,601,370	1053,237,33,57	203,247,51,44	336,259,112,66	934,280,50,29	618,553,67,148
2019_7_29_10_0_7	56,65,115,51
2019_7_29_10_0_7	13,21,278,103	203,101,52,22
2019_7_29_10_0_8	124,96,114,87
2019_7_29_10_0_9	34,69,144,131
2019_7_29_10_0_10	42,47,272,113
2019_7_29_10_0_11	0,0,275,183
2019_7_29_10_0_12	16,27,176,74
2019_7_29_10_0_12	99,46,85,124
2019_7_29_10_0_13	33,69,90,54
2019_7_29_10_0_13	0,0,241,290	73,0,70,45	70,193,30,52
2019_7_29_10_0_16	0,0,750,500	712,0,38,33	672,277,78,108	488,290,56,47	412,318,87,45	631,335,69,92	514,337,126,92	610,405,69,45
2019_7_29_10_0_34	0,66,64,28	259,169,341,321	238,408,50,35
2019_7_29_10_0_39	682,0,215,737	892,0,108,292	579,199,100,82	651,202,92,37	282,226,470,269	224,231,64,140	963,330,37,45	222,373,31,220	407,418,92,39	363,439,100,48	489,443,129,57	869,656,131,81
2019_7_29_10_0_57	0,0,600,400	9,13,183,155	176,85,76,44	496,96,64,64	21,131,117,72
2019_7_29_10_1_4	65,44,174,132
2019_7_29_10_1_5	71,15,108,170
2019_7_29_10_1_6	0,0,420,312	366,276,54,42	192,304,37,43	134,311,42,36	280,320,86,27
2019_7_29_10_1_13	278,251,91,99	169,291,44,56	116,329,43,49	426,468,359,283
2019_7_29_10_1_15	57,63,122,114
2019_7_29_10_1_16	0,0,263,175
2019_7_29_10_1_16	31,33,113,106
2019_7_29_10_1_18	198,156,385,391	156,300,74,119
2019_7_29_10_1_23	191,161,385,373	147,293,76,125
2019_7_29_10_1_30	416,187,68,70	103,223,379,463	410,466,42,56
2019_7_29_10_1_41	165,205,386,313	145,236,77,105
2019_7_29_10_1_46	215,0,44,66	41,89,133,111
2019_7_29_10_1_46	0,27,42,62	230,32,39,58	0,43,269,214
2019_7_29_10_1_48	54,185,133,78	215,185,133,78	189,197,24,42
2019_7_29_10_1_49	54,185,126,78	222,185,126,78
2019_7_29_10_1_50	135,0,64,47	122,51,61,51	0,66,199,187	108,76,54,42
2019_7_29_10_1_52	140,0,59,47	122,52,61,49	0,75,199,178
2019_7_29_10_1_55	194,0,625,131	826,0,54,41	81,8,97,53	0,37,880,540	765,77,61,49	747,149,133,171	790,196,90,74	0,261,62,48	0,421,79,142	242,463,76,114	341,516,39,61	32,541,122,36
2019_7_29_10_2_16	194,0,625,131	826,0,54,41	81,8,97,53	0,37,880,540	765,77,61,49	747,149,133,171	790,196,90,74	0,261,62,48	0,421,79,142	242,463,76,114	341,516,39,61	32,541,122,36
2019_7_29_10_2_40	0,0,57,49	144,39,120,152	0,56,151,135
2019_7_29_10_2_41	0,0,134,191	107,29,157,162
2019_7_29_10_2_43	0,0,57,49	144,39,120,152	0,56,151,135
2019_7_29_10_2_45	0,0,134,191	107,29,157,162
2019_7_29_10_2_48	366,274,164,123
2019_7_29_10_2_50	405,304,164,125
2019_7_29_10_2_51	15,0,244,195
2019_7_29_10_2_53	14,0,245,195
2019_7_29_10_2_55	54,0,161,130
2019_7_29_10_2_56	54,0,161,130
2019_7_29_10_2_57	163,84,173,90
2019_7_29_10_2_58	163,84,173,90
2019_7_29_10_2_58	5,15,295,177
2019_7_29_10_3_1	5,15,295,177
2019_7_29_10_3_4	244,88,382,659	363,658,68,49	500,720,71,53
2019_7_29_10_3_14	244,88,382,659	363,658,68,49	500,720,71,53
2019_7_29_10_3_25	0,0,220,232	181,31,34,48	0,76,29,47	180,114,40,55	0,160,126,105	170,169,50,96
2019_7_29_10_3_28	0,0,220,232	0,76,29,47	165,114,55,55	0,160,126,105	170,169,50,96
2019_7_29_10_3_30	249,161,194,111	611,207,96,78	277,209,54,50	35,215,179,358	400,214,39,48	95,255,540,288	630,286,35,41	802,297,109,35	896,315,49,55	489,402,122,67	358,551,214,157
2019_7_29_10_3_40	249,161,194,111	611,207,96,78	277,209,54,50	35,215,179,358	400,214,39,48	95,255,540,288	630,286,35,41	802,297,109,35	896,315,49,55	489,402,122,67	358,551,214,157
2019_7_29_10_3_49	348,91,65,60	304,154,169,113	185,258,339,464	253,270,32,90	495,508,50,78	271,576,73,40	494,587,74,135
2019_7_29_10_3_56	348,91,65,60	304,154,169,113	185,258,339,464	253,270,32,90	495,508,50,78	271,576,73,40	494,587,74,135
2019_7_29_10_4_4	33,14,151,203
2019_7_29_10_4_5	33,14,151,203
2019_7_29_10_4_8	139,0,782,522	911,36,34,51	0,137,177,144	891,160,54,55	509,166,41,26	148,169,183,293	817,293,38,29	855,294,90,78	0,303,138,225	488,374,43,53	381,387,40,71	95,389,165,140	53,505,82,50	0,561,549,147	358,610,70,36	27,674,93,34
2019_7_29_10_4_27	139,0,782,522	911,36,34,51	0,137,177,144	891,160,54,54	509,166,41,26	148,169,183,293	817,293,38,29	855,294,90,78	0,303,138,225	488,374,43,53	381,387,40,71	95,389,165,140	53,505,82,50	0,561,549,147	358,610,70,36	27,674,93,34
2019_7_29_10_4_47	419,104,264,185	637,107,292,338	501,164,47,56	578,324,38,27	336,349,39,28	613,364,77,71	119,384,270,244	527,385,81,86	609,418,336,290	367,427,282,119	275,529,108,43	701,541,75,63	551,629,52,32	418,660,36,48
2019_7_29_10_4_56	419,104,264,185	741,107,59,57	637,154,292,291	501,164,47,56	578,324,38,27	336,349,39,28	613,364,77,71	119,384,270,244	527,385,81,86	609,418,336,290	367,427,282,119	275,529,108,43	701,541,75,63	551,629,52,32	418,660,36,48
2019_7_29_10_5_3	0,0,480,120	0,111,480,218	438,139,42,44
2019_7_29_10_5_8	0,16,92,178	46,122,35,72
2019_7_29_10_5_10	0,0,480,120	0,111,480,218	438,139,42,44
2019_7_29_10_5_15	63,16,117,178	134,122,35,72
2019_7_29_10_5_15	0,0,53,40	86,0,76,39	0,12,373,230	0,114,119,185	229,167,49,31	143,256,65,31	225,281,165,18
2019_7_29_10_5_18	5,0,54,109
2019_7_29_10_5_18	0,0,53,40	86,0,76,39	0,12,373,230	0,114,119,185	143,256,65,31	225,281,165,18
2019_7_29_10_5_21	37,9,53,105
2019_7_29_10_5_25	20,0,179,194	200,0,537,260	662,0,105,104	345,25,61,77	105,139,108,38	42,176,120,61	180,190,55,66	130,218,45,57	30,236,111,67	744,267,155,204	32,301,247,218	755,381,92,132	0,423,46,71	365,429,113,73	708,460,80,69	488,464,79,128	594,470,61,52	407,474,65,32	0,490,172,218	144,504,176,64	530,509,108,54	626,536,54,44	869,576,76,74	180,643,53,65	679,653,37,47	233,657,51,51	301,659,100,49
2019_7_29_10_5_39	20,0,179,194	200,0,537,260	662,0,105,104	345,25,61,77	105,139,108,38	42,176,120,61	180,190,55,66	130,218,45,57	30,236,111,67	744,267,155,204	32,301,247,218	755,381,92,132	0,423,46,71	365,429,113,73	708,460,80,69	488,464,79,128	594,470,61,52	407,474,65,32	0,490,172,218	144,504,176,64	530,509,108,54	626,536,54,44	869,576,76,74	180,643,53,65	679,653,37,47	233,657,51,51	301,659,100,49
2019_7_29_10_5_51	274,15,39,34	209,32,176,161	144,126,46,63	135,179,123,82
2019_7_29_10_5_53	274,15,39,34	209,32,176,161	144,126,46,63	135,179,123,82
2019_7_29_10_5_54	0,17,56,177	82,34,142,91
2019_7_29_10_5_55	0,17,56,177	82,34,142,91
2019_7_29_10_5_56	297,125,218,566
2019_7_29_10_6_2	297,125,218,566
2019_7_29_10_6_6	0,0,450,300	302,0,148,68
2019_7_29_10_6_10	0,0,450,300	302,0,148,68
2019_7_29_10_6_15	147,136,430,150	555,149,59,55	84,163,56,109	117,209,60,45	579,253,65,59	97,285,31,57	107,338,83,52	192,360,100,27
2019_7_29_10_6_19	147,136,430,150	555,149,59,55	84,163,56,109	117,209,60,45	579,253,65,59	97,285,31,57	107,338,83,52	192,360,100,27
2019_7_29_10_6_23	129,0,40,33	0,14,92,46	0,76,425,274
2019_7_29_10_6_28	129,0,40,33	0,14,92,46	0,76,425,274
2019_7_29_10_6_32	0,0,96,45	0,0,300,200
2019_7_29_10_6_34	0,0,96,45	0,0,300,200
2019_7_29_10_6_37	260,67,190,77	399,94,161,80	336,155,224,104	74,157,142,61	0,222,560,338	0,306,43,67	109,335,51,44	0,408,145,40	209,423,351,137
2019_7_29_10_6_48	260,95,127,49	399,94,161,80	336,155,224,104	74,157,142,61	0,222,560,338	0,306,43,67	109,335,51,44	0,402,145,46	209,423,351,137
2019_7_29_10_7_2	172,110,237,116	63,129,118,27	64,160,40,66
2019_7_29_10_7_4	172,110,237,116	63,129,118,27	64,160,40,66
2019_7_29_10_7_6	91,166,255,221	353,197,59,61	612,203,153,60	396,206,75,72	499,218,318,190	360,256,76,64	752,271,31,48	439,297,72,45	301,314,35,40	461,354,63,49	571,359,90,47
2019_7_29_10_7_15	91,166,255,221	353,197,59,61	612,203,153,60	396,206,75,72	499,218,318,190	360,256,76,64	752,271,31,48	439,297,72,45	301,314,35,40	461,354,63,49	571,359,90,47
2019_7_29_10_7_23	0,0,300,200
2019_7_29_10_7_25	0,0,300,200
2019_7_29_10_7_28	0,0,258,305	163,128,307,211	16,284,177,141	509,308,51,47	434,364,54,48	498,407,62,153	283,419,51,69	462,427,30,84	344,434,67,78	232,508,50,52
2019_7_29_10_7_35	0,0,266,305	491,0,60,33	180,128,293,211	225,177,61,25	0,273,193,148	509,308,51,47	434,363,63,49	447,407,113,153	282,419,52,69	337,428,74,84	232,508,50,52	345,510,34,50	126,514,44,46
2019_7_29_10_7_45	961,57,39,40	122,208,540,183	303,279,59,67	116,307,61,46	547,313,68,54	289,360,99,41	407,424,42,45	684,464,42,50	399,485,69,37	71,595,56,55	155,628,65,38	235,643,184,71	511,658,98,56	33,672,99,42	411,686,58,28
2019_7_29_10_7_53	961,57,39,40	122,208,540,183	303,279,59,67	116,307,61,46	547,313,68,54	289,360,99,41	407,424,42,45	684,464,42,50	399,485,69,37	71,595,56,55	155,628,65,38	235,643,184,71	511,658,98,56	33,672,99,42	411,686,58,28
2019_7_29_10_8_1	961,57,39,40	122,208,540,183	303,279,59,67	116,307,61,46	547,313,68,54	289,360,99,41	407,424,42,45	684,464,42,50	399,485,69,37	71,595,56,55	155,628,65,38	235,643,184,71	511,658,98,56	33,672,99,42	411,686,58,28
2019_7_29_10_8_10	961,57,39,40	122,208,540,183	303,279,59,67	116,307,61,46	547,313,68,54	289,360,99,41	407,424,42,45	684,464,42,50	399,485,69,37	71,595,56,55	155,628,65,38	235,643,184,71	511,658,98,56	33,672,99,42	411,686,58,28
2019_7_29_10_8_17	363,128,37,78	6,143,40,65	87,147,100,88	176,164,59,77	272,171,66,52	242,190,71,58
2019_7_29_10_8_19	142,59,418,328	240,228,41,80
2019_7_29_10_8_21	363,128,37,78	6,143,40,65	87,147,100,88	176,164,59,77	272,171,66,52	242,190,71,58
2019_7_29_10_8_23	142,59,418,245	524,308,36,79
2019_7_29_10_8_26	498,0,62,42	464,105,96,49	273,126,169,69	24,143,49,32	512,166,48,38	67,171,436,123	508,268,52,43	56,273,35,67	63,398,63,22	239,414,75,23	0,451,560,109
2019_7_29_10_8_32	259,0,52,50	67,0,493,294	475,0,85,61	183,64,66,58	0,121,75,56	508,268,52,43	56,273,34,67	63,398,66,38	229,414,89,24	0,426,560,134
2019_7_29_10_8_42	141,0,66,79	57,60,204,174	211,125,37,89	0,207,70,45	0,230,44,36
2019_7_29_10_8_44	141,0,66,79	57,60,204,174	211,125,37,89	0,207,70,45	0,230,44,36
2019_7_29_10_8_46	88,81,92,37	126,108,66,37
2019_7_29_10_8_47	88,81,95,37	126,108,66,37
2019_7_29_10_8_47	0,0,266,190	0,12,92,55
2019_7_29_10_8_49	0,0,266,190	0,12,92,55
2019_7_29_10_8_52	792,220,104,135	154,300,217,123	429,322,87,107	564,327,254,91	803,337,62,63	73,352,62,138	586,471,130,80	62,510,50,44	618,547,203,24
2019_7_29_10_8_57	792,220,104,135	154,300,217,123	429,322,87,107	564,327,254,91	803,337,62,63	73,352,62,138	586,471,130,80	62,510,50,44	618,547,203,24
2019_7_29_10_9_2	77,44,169,116
2019_7_29_10_9_2	77,44,169,116
2019_7_29_10_9_3	245,19,52,57	189,25,74,44	0,51,212,119	219,80,78,90
2019_7_29_10_9_4	245,19,52,57	189,25,74,44	0,51,212,119	219,80,78,90
2019_7_29_10_9_6	351,107,99,74	131,122,173,59	173,179,102,81	109,222,396,158
2019_7_29_10_9_11	354,107,96,74	156,124,148,59	102,177,47,39	173,179,130,80	109,222,394,158
2019_7_29_10_9_14	166,16,68,110	209,47,91,43	68,106,63,64
2019_7_29_10_9_15	217,62,83,45	151,66,83,44	66,111,72,50
2019_7_29_10_9_16	16,51,53,60	92,59,67,29	177,76,84,59
2019_7_29_10_9_17	16,50,52,61	92,59,67,34	177,76,96,56
2019_7_29_10_9_17
2019_7_29_10_9_17
2019_7_29_10_9_18	38,231,442,43
2019_7_29_10_9_19	38,231,442,43
2019_7_29_10_9_19	19,50,61,82	83,54,163,76	83,147,76,53
2019_7_29_10_9_20	19,50,61,82	83,54,163,76	83,147,76,53
2019_7_29_10_9_21
2019_7_29_10_9_21
2019_7_29_10_9_21	174,68,57,69
2019_7_29_10_9_21	157,67,52,69
2019_7_29_10_9_22	72,30,49,185
2019_7_29_10_9_22	72,30,49,185
2019_7_29_10_9_22	0,73,190,78
2019_7_29_10_9_23	0,73,190,78
2019_7_29_10_41_49	425,33,64,33	632,43,45,19	683,86,35,31	286,143,31,55	543,198,37,19	587,213,41,21	394,222,34,21	279,292,58,48	528,332,53,55	767,422,43,41	362,448,34,32	718,462,36,26
2019_7_29_10_43_45	425,33,64,33	632,43,45,19	683,86,35,31	286,143,31,55	543,198,37,19	587,213,41,21	394,222,34,21	279,292,58,48	528,332,53,55	767,422,43,41	362,448,34,32	718,462,36,26
2019_7_29_10_53_32	425,33,64,33	632,43,45,19	683,86,35,31	286,143,31,55	543,198,37,19	587,213,41,21	394,222,34,21	279,292,58,48	528,332,53,55	767,422,43,41	362,448,34,32	718,462,36,26
2019_7_29_10_55_32	425,33,64,33	632,43,45,19	479,79,34,25	683,86,35,31	403,136,26,26	758,139,37,22	286,143,31,55	481,186,28,24	543,198,37,19	587,213,41,21	394,222,34,21	656,240,29,31	279,292,58,48	613,317,36,23	528,332,53,55	302,412,39,16	767,422,43,41	362,448,34,32	718,462,36,26	359,490,37,17
2019_7_29_10_57_58	425,33,64,33	632,43,45,19	479,79,34,25	683,86,35,31	403,136,26,26	758,139,37,22	286,143,31,55	481,186,28,24	543,198,37,19	587,213,41,21	394,222,34,21	656,240,29,31	279,292,58,48	613,317,36,23	528,332,53,55	302,412,39,16	767,422,43,41	362,448,34,32	718,462,36,26	359,490,37,17
2019_7_29_11_1_27	425,33,64,33	632,43,45,19	479,79,34,25	683,86,35,31	403,136,26,26	758,139,37,22	286,143,31,55	481,186,28,24	543,198,37,19	587,213,41,21	394,222,34,21	656,240,29,31	279,292,58,48	613,317,36,23	528,332,53,55	302,412,39,16	767,422,43,41	362,448,34,32	718,462,36,26	359,490,37,17
2019_7_29_11_1_53	425,33,64,33	632,43,45,19	479,79,34,25	683,86,35,31	403,136,26,26	758,139,37,22	286,143,31,55	481,186,28,24	543,198,37,19	587,213,41,21	394,222,34,21	656,240,29,31	279,292,58,48	613,317,36,23	528,332,53,55	302,412,39,16	767,422,43,41	362,448,34,32	718,462,36,26	359,490,37,17
2019_7_29_11_28_33	425,33,64,33	632,43,45,19	479,79,34,25	683,86,35,31	403,136,26,26	758,139,37,22	286,143,31,55	481,186,28,24	543,198,37,19	587,213,41,21	394,222,34,21	656,240,29,31	279,292,58,48	613,317,36,23	528,332,53,55	302,412,39,16	767,422,43,41	362,448,34,32	718,462,36,26	359,490,37,17
2019_7_29_11_29_19	425,33,64,33	632,43,45,19	479,79,34,25	683,86,35,31	403,136,26,26	758,139,37,22	286,143,31,55	481,186,28,24	543,198,37,19	587,213,41,21	394,222,34,21	656,240,29,31	279,292,58,48	613,317,36,23	528,332,53,55	302,412,39,16	767,422,43,41	362,448,34,32	718,462,36,26	359,490,37,17
2019_7_29_11_31_15	425,33,64,33	632,43,45,19	479,79,34,25	683,86,35,31	403,136,26,26	758,139,37,22	286,143,31,55	481,186,28,24	543,198,37,19	587,213,41,21	394,222,34,21	656,240,29,31	279,292,58,48	613,317,36,23	528,332,53,55	302,412,39,16	767,422,43,41	362,448,34,32	718,462,36,26	359,490,37,17
2019_7_29_11_32_26	425,33,64,33	632,43,45,19	479,79,34,25	683,86,35,31	403,136,26,26	758,139,37,22	286,143,31,55	481,186,28,24	543,198,37,19	587,213,41,21	394,222,34,21	656,240,29,31	279,292,58,48	613,317,36,23	528,332,53,55	302,412,39,16	767,422,43,41	362,448,34,32	718,462,36,26	359,490,37,17
2019_7_29_11_33_11	425,33,64,33	632,43,45,19	479,79,34,25	683,86,35,31	403,136,26,26	758,139,37,22	286,143,31,55	481,186,28,24	543,198,37,19	587,213,41,21	394,222,34,21	656,240,29,31	279,292,58,48	613,317,36,23	528,332,53,55	302,412,39,16	767,422,43,41	362,448,34,32	718,462,36,26	359,490,37,17
2019_7_29_11_33_30	425,33,64,33	632,43,45,19	479,79,34,25	683,86,35,31	403,136,26,26	758,139,37,22	286,143,31,55	481,186,28,24	543,198,37,19	587,213,41,21	394,222,34,21	656,240,29,31	279,292,58,48	613,317,36,23	528,332,53,55	302,412,39,16	767,422,43,41	362,448,34,32	718,462,36,26	359,490,37,17
2019_7_29_11_35_3	425,33,64,33	632,43,45,19	479,79,34,25	683,86,35,31	403,136,26,26	758,139,37,22	286,143,31,55	481,186,28,24	543,198,37,19	587,213,41,21	394,222,34,21	656,240,29,31	279,292,58,48	613,317,36,23	528,332,53,55	302,412,39,16	767,422,43,41	362,448,34,32	718,462,36,26	359,490,37,17
2019_7_29_11_37_14	425,33,64,33	632,43,45,19	479,79,34,25	683,86,35,31	403,136,26,26	758,139,37,22	286,143,31,55	481,186,28,24	543,198,37,19	587,213,41,21	394,222,34,21	656,240,29,31	279,292,58,48	613,317,36,23	528,332,53,55	302,412,39,16	767,422,43,41	362,448,34,32	718,462,36,26	359,490,37,17
2019_7_29_11_38_0	425,33,64,33	632,43,45,19	479,79,34,25	683,86,35,31	403,136,26,26	758,139,37,22	286,143,31,55	481,186,28,24	543,198,37,19	587,213,41,21	394,222,34,21	656,240,29,31	279,292,58,48	613,317,36,23	528,332,53,55	302,412,39,16	767,422,43,41	362,448,34,32	718,462,36,26	359,490,37,17
2019_7_29_11_40_4	425,33,64,33	632,43,45,19	479,79,34,25	683,86,35,31	403,136,26,26	758,139,37,22	286,143,31,55	481,186,28,24	543,198,37,19	587,213,41,21	394,222,34,21	656,240,29,31	279,292,58,48	613,317,36,23	528,332,53,55	302,412,39,16	767,422,43,41	362,448,34,32	718,462,36,26	359,490,37,17
2019_7_29_11_40_43	425,33,64,33	632,43,45,19	479,79,34,25	683,86,35,31	403,136,26,26	758,139,37,22	286,143,31,55	481,186,28,24	543,198,37,19	587,213,41,21	394,222,34,21	656,240,29,31	279,292,58,48	613,317,36,23	528,332,53,55	302,412,39,16	767,422,43,41	362,448,34,32	718,462,36,26	359,490,37,17
2019_7_29_11_41_7	425,33,64,33	632,43,45,19	479,79,34,25	683,86,35,31	403,136,26,26	758,139,37,22	286,143,31,55	481,186,28,24	543,198,37,19	587,213,41,21	394,222,34,21	656,240,29,31	279,292,58,48	613,317,36,23	528,332,53,55	302,412,39,16	767,422,43,41	362,448,34,32	718,462,36,26	359,490,37,17
2019_7_29_11_43_0	425,33,64,33	632,43,45,19	479,79,34,25	683,86,35,31	403,136,26,26	758,139,37,22	286,143,31,55	481,186,28,24	543,198,37,19	587,213,41,21	394,222,34,21	656,240,29,31	279,292,58,48	613,317,36,23	528,332,53,55	302,412,39,16	767,422,43,41	362,448,34,32	718,462,36,26	359,490,37,17
2019_7_29_11_44_5	425,33,64,33	632,43,45,19	479,79,34,25	683,86,35,31	403,136,26,26	758,139,37,22	286,143,31,55	481,186,28,24	543,198,37,19	587,213,41,21	394,222,34,21	656,240,29,31	279,292,58,48	613,317,36,23	528,332,53,55	302,412,39,16	767,422,43,41	362,448,34,32	718,462,36,26	359,490,37,17
2019_7_29_11_44_16	425,33,64,33	632,43,45,19	479,79,34,25	683,86,35,31	403,136,26,26	758,139,37,22	286,143,31,55	481,186,28,24	543,198,37,19	587,213,41,21	394,222,34,21	656,240,29,31	279,292,58,48	613,317,36,23	528,332,53,55	302,412,39,16	767,422,43,41	362,448,34,32	718,462,36,26	359,490,37,17
2019_7_29_11_44_46	425,33,64,33	632,43,45,19	479,79,34,25	683,86,35,31	403,136,26,26	758,139,37,22	286,143,31,55	481,186,28,24	543,198,37,19	587,213,41,21	394,222,34,21	656,240,29,31	279,292,58,48	613,317,36,23	528,332,53,55	302,412,39,16	767,422,43,41	362,448,34,32	718,462,36,26	359,490,37,17
2019_7_29_11_48_1	425,33,64,33	632,43,45,19	479,79,34,25	683,86,35,31	403,136,26,26	758,139,37,22	286,143,31,55	481,186,28,24	543,198,37,19	587,213,41,21	394,222,34,21	656,240,29,31	279,292,58,48	613,317,36,23	528,332,53,55	302,412,39,16	767,422,43,41	362,448,34,32	718,462,36,26	359,490,37,17
2019_7_29_11_48_17	425,33,64,33	632,43,45,19	479,79,34,25	683,86,35,31	403,136,26,26	758,139,37,22	286,143,31,55	481,186,28,24	543,198,37,19	587,213,41,21	394,222,34,21	656,240,29,31	279,292,58,48	613,317,36,23	528,332,53,55	302,412,39,16	767,422,43,41	362,448,34,32	718,462,36,26	359,490,37,17
2019_7_29_11_48_57	425,33,64,33	632,43,45,19	479,79,34,25	683,86,35,31	403,136,26,26	758,139,37,22	286,143,31,55	481,186,28,24	543,198,37,19	587,213,41,21	394,222,34,21	656,240,29,31	279,292,58,48	613,317,36,23	528,332,53,55	302,412,39,16	767,422,43,41	362,448,34,32	718,462,36,26	359,490,37,17
2019_7_29_11_50_39	425,33,64,33	632,43,45,19	479,79,34,25	683,86,35,31	403,136,26,26	758,139,37,22	286,143,31,55	481,186,28,24	543,198,37,19	587,213,41,21	394,222,34,21	656,240,29,31	279,292,58,48	613,317,36,23	528,332,53,55	302,412,39,16	767,422,43,41	362,448,34,32	718,462,36,26	359,490,37,17
2019_7_29_11_53_28	195,165,24,27
2019_7_29_11_53_44	124,262,38,40	240,265,35,18	332,366,22,36	115,445,22,26
2019_7_29_11_54_24	332,104,51,29	504,121,29,14	215,193,22,41	214,315,37,33	411,363,26,17	591,430,21,23
2019_7_29_11_54_52	332,104,51,29	504,121,29,14	375,149,23,16	547,162,26,17	215,193,22,41	429,249,22,14	306,263,22,13	461,264,25,14	214,315,37,33	411,363,26,17	591,430,21,23	551,455,22,14
2019_7_29_11_55_4	124,262,38,40	240,265,35,18	56,288,13,22	332,366,22,36	115,445,22,26
2019_7_29_11_58_0	124,262,38,40	240,265,35,18	56,288,13,22	332,366,22,36	115,445,22,26
2019_7_29_11_58_53	124,262,38,40	240,265,35,18	56,288,13,22	332,366,22,36	115,445,22,26
2019_7_29_13_40_22	124,262,38,40	240,265,35,18	56,288,13,22	332,366,22,36	115,445,22,26
2019_7_29_13_43_37	124,263,37,39	240,265,35,18	56,288,13,22	332,365,22,37	115,445,22,26
2019_7_29_13_44_25	124,263,37,39	240,265,35,18	56,288,13,22	332,365,22,37	115,445,22,26
2019_7_29_13_45_52	124,263,37,39	240,265,35,18	56,288,13,22	332,365,22,37	115,445,22,26
2019_7_29_13_46_27	124,263,37,39	240,265,35,18	56,288,13,22	332,365,22,37	115,445,22,26
2019_7_29_13_49_16	124,263,37,39	240,265,35,18	56,288,13,22	332,365,22,37	115,445,22,26
2019_7_29_13_58_46	195,165,24,28
2019_7_29_14_0_23	195,165,24,28
2019_7_29_14_0_47	195,165,24,28	81,475,13,16
2019_7_29_14_1_18	195,165,24,28	81,475,13,16
2019_7_29_14_1_37	195,165,24,28	81,475,13,16
2019_7_29_14_2_23	193,165,26,31	291,177,9,10	130,185,8,10	100,219,9,10	256,256,8,8	373,300,8,8	81,474,13,18	406,601,8,8
2019_7_29_14_3_7	184,161,38,39	232,167,8,9	127,173,12,26	284,172,31,23	238,179,9,8	73,213,41,24	254,247,13,20	308,258,12,13	367,278,18,34	277,309,13,15	162,337,25,27	261,379,10,22	369,408,8,9	335,447,10,14	78,464,16,29	106,504,12,13	404,599,11,12
2019_7_29_14_3_49	424,32,67,35	632,42,69,27	477,78,37,27	682,85,37,33	402,136,28,28	758,139,28,17	285,142,33,57	478,184,32,28	698,191,24,31	543,198,39,20	584,212,45,22	393,221,36,22	655,238,31,33	283,259,27,18	276,292,62,60	611,316,39,25	527,332,54,55	302,411,42,18	766,422,45,41	358,447,40,61	718,462,37,26
2019_7_29_14_5_43	424,32,67,35	632,42,69,27	477,78,37,27	682,85,37,33	402,136,28,28	758,139,28,17	285,142,33,57	478,184,32,28	698,191,24,31	543,198,39,20	584,212,45,22	393,221,36,22	655,238,31,33	276,292,62,60	611,316,39,25	527,332,54,55	302,411,42,18	766,422,45,41	358,447,40,61	718,462,37,26
2019_7_29_14_7_9	424,32,67,35	632,42,69,27	477,78,37,27	682,85,37,33	402,136,28,28	758,139,28,17	285,142,33,57	478,184,32,28	698,191,24,31	543,198,39,20	584,212,45,22	393,221,36,22	655,238,31,33	283,259,27,18	276,292,62,60	611,316,39,25	527,332,54,55	302,411,42,18	766,422,45,41	358,447,40,61	718,462,37,26
2019_7_29_14_8_55	184,161,38,39	232,167,8,9	127,173,12,26	284,172,31,23	238,179,9,8	73,213,41,24	254,247,13,20	308,258,12,13	367,278,18,34	277,309,13,15	162,337,25,27	261,379,10,22	369,408,8,9	335,447,10,14	78,464,16,29	106,504,12,13	404,599,11,12
2019_7_29_14_10_19	323,59,139,149	460,77,108,117	308,134,10,12	306,154,10,14	542,159,34,25	292,163,10,16	306,183,29,33	211,191,30,46	368,229,30,29	421,246,70,38	549,246,12,14	69,252,9,14	300,259,31,22	227,278,18,16	512,287,24,24	214,312,42,47	472,345,30,18	409,360,37,37	232,402,29,14	590,427,32,28	274,431,28,41	551,455,22,15
2019_7_29_14_11_25	330,101,54,35	491,110,44,26	551,134,10,10	374,147,28,19	544,160,31,22	311,191,20,19	214,192,25,43	373,233,22,21	423,247,29,17	552,250,9,10	304,262,25,14	458,263,31,18	513,288,19,22	214,314,37,34	474,351,16,11	410,361,28,20	234,403,25,12	591,430,22,24	280,434,16,12	551,455,22,14	277,460,24,11
2019_7_29_14_30_6	330,101,54,35	491,110,44,26	551,134,10,10	374,147,28,19	544,160,31,22	311,191,20,19	214,192,25,43	373,233,22,21	423,247,29,17	552,250,9,10	304,262,25,14	458,263,31,18	513,288,19,22	214,314,37,34	474,351,16,11	410,361,28,20	234,403,25,12	591,430,22,24	280,434,16,12	551,455,22,14	277,460,24,11
2019_7_29_14_33_6	330,101,54,35	491,110,44,26	551,134,10,10	374,147,28,19	544,160,31,22	311,191,20,19	214,192,25,43	373,233,22,21	423,247,29,17	552,250,9,10	304,262,25,14	458,263,31,18	513,288,19,22	214,314,37,34	474,351,16,11	410,361,28,20	234,403,25,12	591,430,22,24	280,434,16,12	551,455,22,14	277,460,24,11
2019_7_29_14_33_28	425,32,65,34	632,42,69,27	478,79,35,26	683,85,36,32	403,136,27,27	758,139,28,17	285,143,32,55	480,185,30,26	701,197,20,24	543,198,38,20	584,213,44,20	394,221,35,22	656,239,29,32	285,259,24,17	277,292,61,60	611,317,38,23	528,332,53,55	302,411,41,18	766,422,44,41	361,447,36,34	718,462,36,26	359,489,39,19
2019_7_29_14_35_27	122,51,95,110	122,70,8,11	120,261,44,46	173,262,9,12	238,262,41,21	184,280,10,11	54,286,15,25	0,329,44,28	200,343,18,26	264,345,19,25	330,364,28,40	304,399,18,24	226,405,22,19	102,442,38,37	222,451,15,22	211,480,14,22	322,496,20,45	146,506,9,12	182,518,27,23	290,531,19,19	221,539,17,15	38,554,19,25	263,571,10,11	259,584,9,9	65,588,20,18	363,649,14,17
