rawdata/2.bmp 28 92 1 39 20 120 18 26 29 14 103 26 31 36 88 31 35 55 164 65 25 200 140 29 27 233 164 38 25 235 92 34 30 262 71 38 42 317 55 38 27 336 130 33 26 340 182 38 28 419 49 33 37 449 26 32 41 489 22 31 39 465 71 48 53 430 116 47 35 487 118 40 32 543 111 36 35 466 200 46 33 170 329 43 28 379 357 35 37 358 386 33 27 237 425 27 27 223 456 34 22 572 421 24 35 619 407 22 25
rawdata/3.bmp 29 31 53 40 33 100 2 34 30 139 46 34 34 171 47 36 44 127 153 56 42 62 263 41 37 5 372 39 31 47 384 30 35 182 253 41 24 229 240 30 35 277 221 28 38 263 319 38 41 216 366 44 48 192 397 47 37 324 380 34 49 353 433 48 41 296 81 37 43 321 157 39 54 367 257 43 43 388 225 41 49 423 197 47 50 421 256 67 59 432 330 44 32 535 263 47 43 510 391 40 40
rawdata/4.bmp 25 23 52 35 33 3 169 26 34 6 316 65 50 140 37 28 27 171 27 30 36 159 146 40 48 146 179 35 35 133 249 36 28 178 249 37 29 201 434 45 36 220 10 26 38 210 101 32 39 265 164 24 37 289 211 41 35 302 51 34 34 323 13 35 50 351 2 41 33 358 39 48 62 353 117 44 23 400 88 45 31 451 55 43 28 428 165 29 40 418 370 36 29 405 406 38 27 569 60 32 45
rawdata/5.bmp 23 1 17 17 39 14 123 37 24 59 112 36 43 114 94 33 48 97 203 39 49 33 261 51 43 9 294 45 37 153 283 36 46 183 345 50 43 171 27 48 60 213 152 44 47 240 112 44 61 277 83 49 56 278 147 63 70 274 232 51 35 328 208 57 36 394 171 46 42 355 305 38 43 526 198 51 49 583 117 38 42 605 84 35 47
rawdata/6.bmp 39 42 140 38 42 123 147 23 43 160 72 41 35 56 208 51 42 63 255 49 27 53 282 34 30 105 288 33 29 138 273 28 41 146 352 33 33 176 350 34 33 267 16 36 36 231 61 38 32 257 83 38 25 307 133 35 34 208 190 40 28 233 216 26 30 338 300 35 34 366 283 37 39 298 343 33 32 327 372 72 13 406 86 39 42 457 18 31 37 479 34 26 37 407 183 31 24 438 199 31 28 487 202 19 35 423 270 42 30 435 346 40 31 443 396 30 37 571 6 26 24 561 117 27 37 538 177 38 46 527 278 34 39 560 259 38 42 597 256 29 41 566 303 47 55 544 353 39 31 586 355 45 31 564 434 39 26
rawdata/7.bmp 34 54 25 35 32 28 78 67 45 112 139 40 36 21 211 38 30 49 237 30 27 6 377 55 32 172 298 37 38 134 351 42 28 176 371 42 31 200 282 39 39 247 1 35 28 207 77 42 39 220 175 33 20 255 178 29 29 303 181 21 31 256 258 38 30 277 321 41 42 291 378 38 40 427 5 50 36 369 74 26 44 356 147 40 42 357 249 37 37 387 224 36 41 423 212 37 46 403 261 49 61 385 320 45 29 429 313 44 32 494 302 34 34 429 391 32 33 579 354 41 38 514 40 41 38 580 104 40 33 611 153 27 24
rawdata/8.bmp 32 10 2 20 34 10 131 22 34 30 115 28 37 53 183 65 33 84 21 36 23 114 41 24 35 172 350 39 37 193 157 30 32 229 183 41 29 243 441 27 34 335 449 33 25 225 112 36 27 254 94 36 35 313 70 34 27 330 144 33 30 337 195 36 35 435 293 33 17 382 377 39 32 363 407 33 23 413 61 31 38 438 38 36 44 480 29 32 44 454 75 49 56 436 133 37 33 480 131 47 33 543 118 33 34 470 209 35 31 625 179 12 38 539 422 36 16 580 429 24 35
rawdata/test.bmp 58 55 146 21 29 73 246 19 19 65 282 12 32 104 346 17 23 83 367 18 17 91 399 15 16 187 129 19 34 133 246 15 16 143 258 18 24 199 300 10 23 135 427 19 28 166 471 36 9 295 174 28 25 283 195 19 23 259 262 22 20 292 260 19 28 233 331 21 28 225 422 27 26 246 463 19 15 284 324 25 29 272 350 23 28 271 387 25 15 297 343 34 29 307 82 24 44 356 38 18 16 350 63 19 23 348 88 28 20 378 44 42 31 324 208 21 19 329 226 23 19 336 262 22 22 394 256 13 17 382 271 16 27 372 299 18 19 326 326 25 36 327 362 26 21 376 337 23 19 369 461 19 17 406 434 23 23 437 39 26 21 424 88 27 16 468 119 25 23 402 141 18 16 384 151 24 16 422 203 21 18 462 178 14 22 472 160 22 25 495 187 19 21 438 263 22 23 514 252 12 23 464 301 34 26 509 295 19 21 416 351 17 19 437 394 24 26 483 365 15 18 516 342 17 23 468 437 19 22 461 463 18 17
rawdata/test3.bmp 33 167 21 27 23 119 30 31 35 50 83 36 32 1 143 31 33 41 229 30 33 98 253 43 38 174 198 47 39 182 240 40 34 193 276 34 36 113 321 33 28 2 377 31 39 101 366 26 34 84 396 23 35 175 379 33 41 182 444 46 35 319 2 39 52 359 82 35 43 284 163 36 30 283 208 32 44 223 223 60 38 272 259 31 46 360 243 34 38 252 374 36 42 307 384 47 29 442 12 58 30 533 65 24 49 615 131 23 29 626 192 16 22 605 219 17 37 438 302 22 34 529 379 39 40 557 409 25 37 602 456 23 21
rawdata/2.bmp 92 0 42 157 10 19 72 35 120 18 27 32 489 20 31 41 428 27 56 44 513 35 106 45 319 54 35 34 13 56 78 77 460 63 67 89 266 78 32 36 234 93 34 29 551 110 27 35 200 140 31 45 22 159 100 56 343 183 42 42 472 204 36 38 61 214 28 42 79 223 58 73 479 252 54 228 38 279 66 63 32 310 130 82 560 312 27 46 136 323 91 139 327 343 43 116 364 365 52 45 254 366 44 35 67 383 57 39 528 388 76 55 541 405 71 62 0 426 18 54 560 453 80 27 320 115 62 39 234 159 52 37 427 271 60 33
